 &plot nbnd=  30, nks=   274 /
            0.000000  0.000000  0.000000
  -56.548  -32.864  -32.145  -32.145  -13.595  -13.532   -5.205   -3.808   -2.654   -0.679
   -0.679   -0.364   -0.364    0.082    0.082    0.894    0.894    1.219    3.886    4.463
    5.436    5.628    7.284    7.755    7.811    8.615   10.275   10.275   10.604   10.604
            0.000000  0.005774  0.000000
  -56.548  -32.864  -32.145  -32.145  -13.595  -13.532   -5.204   -3.808   -2.654   -0.680
   -0.679   -0.365   -0.364    0.081    0.082    0.893    0.894    1.219    3.887    4.463
    5.437    5.629    7.284    7.756    7.812    8.615   10.273   10.276   10.602   10.605
            0.000000  0.011547  0.000000
  -56.548  -32.864  -32.145  -32.145  -13.594  -13.531   -5.203   -3.807   -2.652   -0.683
   -0.678   -0.369   -0.365    0.078    0.082    0.891    0.894    1.221    3.890    4.464
    5.439    5.630    7.285    7.760    7.815    8.616   10.268   10.279   10.595   10.608
            0.000000  0.017321  0.000000
  -56.548  -32.864  -32.145  -32.145  -13.593  -13.530   -5.201   -3.807   -2.650   -0.689
   -0.677   -0.376   -0.367    0.072    0.082    0.888    0.894    1.224    3.895    4.466
    5.442    5.632    7.287    7.767    7.822    8.618   10.259   10.283   10.584   10.612
            0.000000  0.023094  0.000000
  -56.548  -32.864  -32.146  -32.145  -13.591  -13.529   -5.197   -3.806   -2.648   -0.697
   -0.676   -0.386   -0.370    0.064    0.082    0.883    0.894    1.228    3.901    4.469
    5.446    5.634    7.289    7.776    7.830    8.619   10.247   10.289   10.569   10.619
            0.000000  0.028868  0.000000
  -56.548  -32.864  -32.147  -32.145  -13.589  -13.526   -5.193   -3.804   -2.644   -0.707
   -0.674   -0.399   -0.373    0.054    0.082    0.877    0.894    1.232    3.910    4.473
    5.451    5.637    7.291    7.788    7.841    8.622   10.232   10.298   10.551   10.627
            0.000000  0.034641  0.000000
  -56.548  -32.864  -32.147  -32.145  -13.586  -13.524   -5.188   -3.803   -2.640   -0.719
   -0.672   -0.414   -0.377    0.042    0.082    0.870    0.894    1.238    3.920    4.477
    5.457    5.641    7.294    7.803    7.855    8.625   10.214   10.308   10.529   10.638
            0.000000  0.040415  0.000000
  -56.548  -32.864  -32.148  -32.145  -13.583  -13.521   -5.182   -3.801   -2.634   -0.734
   -0.670   -0.432   -0.382    0.028    0.082    0.862    0.894    1.245    3.932    4.482
    5.465    5.646    7.297    7.820    7.871    8.628   10.193   10.320   10.504   10.650
            0.000000  0.046188  0.000000
  -56.548  -32.864  -32.149  -32.146  -13.579  -13.517   -5.175   -3.799   -2.628   -0.751
   -0.668   -0.453   -0.388    0.013    0.082    0.853    0.893    1.252    3.945    4.488
    5.473    5.652    7.301    7.840    7.889    8.632   10.169   10.333   10.475   10.664
            0.000000  0.051962  0.000000
  -56.547  -32.863  -32.151  -32.146  -13.575  -13.513   -5.168   -3.796   -2.622   -0.770
   -0.665   -0.477   -0.394   -0.004    0.083    0.843    0.893    1.260    3.961    4.495
    5.483    5.658    7.306    7.861    7.910    8.636   10.143   10.348   10.445   10.681
            0.000000  0.057735  0.000000
  -56.547  -32.863  -32.152  -32.146  -13.570  -13.509   -5.159   -3.794   -2.614   -0.791
   -0.662   -0.503   -0.402   -0.022    0.083    0.832    0.893    1.268    3.977    4.503
    5.494    5.665    7.310    7.886    7.932    8.641   10.115   10.365   10.411   10.699
            0.000000  0.063509  0.000000
  -56.547  -32.863  -32.153  -32.147  -13.565  -13.504   -5.149   -3.791   -2.606   -0.815
   -0.659   -0.531   -0.409   -0.041    0.084    0.820    0.893    1.277    3.996    4.511
    5.506    5.672    7.315    7.912    7.957    8.647   10.085   10.375   10.384   10.702
            0.000000  0.069282  0.000000
  -56.547  -32.863  -32.155  -32.147  -13.560  -13.499   -5.139   -3.788   -2.597   -0.841
   -0.656   -0.562   -0.418   -0.061    0.085    0.807    0.893    1.286    4.015    4.520
    5.518    5.681    7.320    7.940    7.984    8.652   10.054   10.337   10.405   10.692
            0.000000  0.075056  0.000000
  -56.547  -32.862  -32.157  -32.148  -13.553  -13.493   -5.128   -3.784   -2.587   -0.869
   -0.653   -0.596   -0.427   -0.083    0.086    0.794    0.893    1.296    4.036    4.530
    5.532    5.690    7.326    7.971    8.012    8.658   10.021   10.298   10.427   10.682
            0.000000  0.080829  0.000000
  -56.546  -32.862  -32.158  -32.148  -13.547  -13.487   -5.116   -3.780   -2.576   -0.900
   -0.650   -0.631   -0.437   -0.104    0.088    0.779    0.893    1.305    4.059    4.541
    5.547    5.700    7.332    8.003    8.043    8.665    9.987   10.259   10.451   10.670
            0.000000  0.086603  0.000000
  -56.546  -32.862  -32.160  -32.149  -13.540  -13.480   -5.103   -3.776   -2.565   -0.932
   -0.669   -0.647   -0.447   -0.126    0.090    0.765    0.892    1.315    4.082    4.552
    5.563    5.710    7.338    8.036    8.074    8.672    9.952   10.217   10.477   10.658
            0.000000  0.092376  0.000000
  -56.546  -32.862  -32.163  -32.149  -13.532  -13.473   -5.089   -3.772   -2.553   -0.967
   -0.709   -0.644   -0.458   -0.149    0.093    0.749    0.892    1.325    4.107    4.565
    5.579    5.722    7.344    8.070    8.107    8.679    9.916   10.176   10.504   10.645
            0.000000  0.098150  0.000000
  -56.546  -32.862  -32.165  -32.149  -13.524  -13.465   -5.074   -3.767   -2.541   -1.004
   -0.752   -0.641   -0.469   -0.172    0.096    0.733    0.891    1.334    4.133    4.578
    5.596    5.734    7.350    8.106    8.141    8.687    9.881   10.134   10.532   10.632
            0.000000  0.103923  0.000000
  -56.546  -32.861  -32.167  -32.150  -13.516  -13.457   -5.059   -3.763   -2.527   -1.043
   -0.796   -0.638   -0.481   -0.195    0.101    0.717    0.891    1.344    4.160    4.592
    5.614    5.746    7.356    8.142    8.176    8.695    9.845   10.091   10.563   10.617
            0.000000  0.109697  0.000000
  -56.545  -32.861  -32.170  -32.151  -13.507  -13.449   -5.043   -3.758   -2.513   -1.084
   -0.842   -0.636   -0.494   -0.219    0.105    0.700    0.890    1.353    4.188    4.607
    5.633    5.760    7.363    8.179    8.211    8.703    9.810   10.050   10.594   10.602
            0.000000  0.115470  0.000000
  -56.545  -32.861  -32.173  -32.151  -13.498  -13.440   -5.026   -3.752   -2.498   -1.126
   -0.890   -0.634   -0.507   -0.242    0.111    0.683    0.890    1.362    4.217    4.622
    5.653    5.774    7.370    8.216    8.247    8.712    9.776   10.010   10.587   10.626
            0.000000  0.121244  0.000000
  -56.545  -32.860  -32.176  -32.152  -13.488  -13.431   -5.008   -3.747   -2.483   -1.171
   -0.939   -0.633   -0.520   -0.265    0.117    0.666    0.889    1.371    4.246    4.638
    5.673    5.789    7.376    8.252    8.281    8.721    9.743    9.971   10.571   10.660
            0.000000  0.127017  0.000000
  -56.545  -32.860  -32.179  -32.153  -13.478  -13.421   -4.990   -3.741   -2.467   -1.217
   -0.990   -0.632   -0.534   -0.288    0.124    0.648    0.888    1.380    4.277    4.655
    5.693    5.804    7.383    8.287    8.316    8.730    9.712    9.936   10.556   10.695
            0.000000  0.132791  0.000000
  -56.544  -32.859  -32.182  -32.154  -13.467  -13.411   -4.970   -3.735   -2.450   -1.264
   -1.043   -0.631   -0.548   -0.311    0.132    0.631    0.887    1.388    4.308    4.673
    5.714    5.821    7.390    8.321    8.348    8.739    9.684    9.903   10.540   10.731
            0.000000  0.138564  0.000000
  -56.544  -32.859  -32.185  -32.154  -13.456  -13.400   -4.951   -3.729   -2.433   -1.314
   -1.097   -0.631   -0.563   -0.334    0.142    0.613    0.885    1.397    4.341    4.692
    5.736    5.838    7.397    8.353    8.379    8.748    9.660    9.872   10.524   10.768
            0.000000  0.144338  0.000000
  -56.543  -32.859  -32.188  -32.155  -13.444  -13.389   -4.930   -3.723   -2.416   -1.364
   -1.152   -0.632   -0.578   -0.357    0.152    0.595    0.884    1.405    4.373    4.711
    5.758    5.855    7.404    8.381    8.407    8.758    9.639    9.847   10.508   10.806
            0.000000  0.150111  0.000000
  -56.543  -32.858  -32.191  -32.156  -13.432  -13.378   -4.909   -3.716   -2.398   -1.416
   -1.209   -0.633   -0.594   -0.379    0.164    0.577    0.883    1.412    4.407    4.731
    5.780    5.874    7.410    8.406    8.432    8.768    9.623    9.826   10.493   10.844
            0.000000  0.155885  0.000000
  -56.543  -32.858  -32.195  -32.157  -13.420  -13.366   -4.887   -3.709   -2.379   -1.469
   -1.266   -0.635   -0.609   -0.401    0.177    0.559    0.881    1.419    4.441    4.752
    5.802    5.893    7.417    8.426    8.453    8.778    9.611    9.810   10.478   10.882
            0.000000  0.161658  0.000000
  -56.542  -32.857  -32.198  -32.157  -13.407  -13.354   -4.864   -3.702   -2.360   -1.523
   -1.325   -0.638   -0.625   -0.422    0.191    0.540    0.879    1.426    4.476    4.773
    5.825    5.913    7.424    8.440    8.468    8.789    9.605    9.800   10.464   10.922
            0.000000  0.167432  0.000000
  -56.542  -32.857  -32.202  -32.158  -13.394  -13.342   -4.841   -3.695   -2.341   -1.578
   -1.384   -0.642   -0.641   -0.443    0.206    0.522    0.877    1.433    4.512    4.796
    5.847    5.933    7.431    8.449    8.479    8.799    9.605    9.797   10.450   10.961
            0.000000  0.173205  0.000000
  -56.542  -32.856  -32.205  -32.159  -13.380  -13.329   -4.817   -3.688   -2.322   -1.633
   -1.445   -0.658   -0.645   -0.463    0.222    0.504    0.875    1.439    4.548    4.819
    5.869    5.954    7.439    8.452    8.484    8.811    9.612    9.801   10.438   11.000
            0.000000  0.178979  0.000000
  -56.541  -32.856  -32.209  -32.160  -13.366  -13.316   -4.793   -3.681   -2.303   -1.690
   -1.506   -0.675   -0.650   -0.483    0.240    0.486    0.873    1.445    4.584    4.843
    5.891    5.976    7.446    8.448    8.483    8.822    9.625    9.811   10.427   11.038
            0.000000  0.184752  0.000000
  -56.541  -32.855  -32.213  -32.161  -13.352  -13.302   -4.768   -3.673   -2.283   -1.746
   -1.568   -0.692   -0.655   -0.502    0.258    0.468    0.871    1.451    4.621    4.867
    5.913    5.999    7.453    8.438    8.476    8.832    9.644    9.828   10.417   11.075
            0.000000  0.190526  0.000000
  -56.541  -32.855  -32.217  -32.162  -13.337  -13.288   -4.743   -3.666   -2.264   -1.803
   -1.631   -0.709   -0.661   -0.520    0.278    0.450    0.868    1.456    4.659    4.893
    5.935    6.022    7.461    8.424    8.464    8.843    9.669    9.851   10.409   11.112
            0.000000  0.196299  0.000000
  -56.540  -32.854  -32.221  -32.163  -13.322  -13.274   -4.717   -3.658   -2.246   -1.860
   -1.694   -0.727   -0.668   -0.537    0.300    0.432    0.866    1.461    4.698    4.919
    5.956    6.045    7.469    8.404    8.447    8.853    9.698    9.880   10.403   11.082
            0.000000  0.202073  0.000000
  -56.540  -32.854  -32.225  -32.164  -13.307  -13.259   -4.691   -3.650   -2.229   -1.916
   -1.757   -0.744   -0.676   -0.553    0.322    0.414    0.863    1.465    4.736    4.945
    5.976    6.070    7.478    8.380    8.425    8.862    9.731    9.914   10.400   11.039
            0.000000  0.207846  0.000000
  -56.539  -32.853  -32.229  -32.165  -13.291  -13.244   -4.665   -3.642   -2.215   -1.970
   -1.821   -0.762   -0.683   -0.569    0.345    0.397    0.860    1.469    4.776    4.973
    5.995    6.095    7.487    8.352    8.399    8.870    9.766    9.951   10.399   10.998
            0.000000  0.213620  0.000000
  -56.539  -32.853  -32.234  -32.166  -13.275  -13.229   -4.638   -3.634   -2.207   -2.018
   -1.885   -0.780   -0.692   -0.583    0.370    0.380    0.857    1.473    4.815    5.001
    6.014    6.121    7.496    8.321    8.370    8.877    9.804    9.992   10.401   10.961
            0.000000  0.219393  0.000000
  -56.538  -32.852  -32.238  -32.167  -13.259  -13.214   -4.611   -3.626   -2.210   -2.055
   -1.950   -0.797   -0.701   -0.596    0.363    0.395    0.854    1.476    4.856    5.030
    6.031    6.147    7.506    8.288    8.337    8.882    9.842   10.034   10.408   10.926
            0.000000  0.225167  0.000000
  -56.538  -32.852  -32.242  -32.168  -13.242  -13.198   -4.583   -3.618   -2.234   -2.073
   -2.015   -0.815   -0.710   -0.607    0.346    0.422    0.851    1.479    4.896    5.059
    6.047    6.174    7.517    8.252    8.303    8.886    9.880   10.076   10.419   10.896
            0.000000  0.230940  0.000000
  -56.538  -32.851  -32.247  -32.169  -13.225  -13.182   -4.555   -3.609   -2.275   -2.079
   -2.073   -0.833   -0.720   -0.617    0.329    0.449    0.848    1.482    4.937    5.089
    6.062    6.201    7.529    8.215    8.266    8.888    9.918   10.117   10.437   10.870
            0.000000  0.236714  0.000000
  -56.537  -32.851  -32.251  -32.170  -13.208  -13.165   -4.527   -3.601   -2.327   -2.144
   -2.064   -0.851   -0.730   -0.625    0.313    0.478    0.844    1.485    4.979    5.120
    6.076    6.229    7.542    8.177    8.228    8.889    9.953   10.156   10.461   10.851
            0.000000  0.242487  0.000000
  -56.537  -32.850  -32.256  -32.171  -13.190  -13.149   -4.499   -3.593   -2.383   -2.209
   -2.051   -0.869   -0.741   -0.632    0.296    0.507    0.841    1.487    5.021    5.151
    6.087    6.258    7.556    8.138    8.189    8.887    9.985   10.191   10.493   10.837
            0.000000  0.248261  0.000000
  -56.536  -32.849  -32.260  -32.172  -13.172  -13.132   -4.471   -3.585   -2.440   -2.273
   -2.037   -0.887   -0.752   -0.637    0.280    0.537    0.837    1.489    5.063    5.183
    6.098    6.287    7.571    8.098    8.150    8.883   10.014   10.222   10.532   10.830
            0.000000  0.254034  0.000000
  -56.536  -32.849  -32.265  -32.173  -13.154  -13.115   -4.442   -3.577   -2.499   -2.338
   -2.022   -0.905   -0.763   -0.640    0.265    0.568    0.834    1.491    5.105    5.216
    6.106    6.316    7.587    8.057    8.109    8.876   10.038   10.249   10.578   10.830
            0.000000  0.259808  0.000000
  -56.535  -32.848  -32.269  -32.174  -13.136  -13.097   -4.414   -3.569   -2.558   -2.402
   -2.008   -0.923   -0.775   -0.640    0.249    0.600    0.830    1.492    5.148    5.249
    6.113    6.346    7.604    8.017    8.069    8.867   10.058   10.274   10.629   10.837
            0.000000  0.265581  0.000000
  -56.535  -32.848  -32.274  -32.175  -13.118  -13.080   -4.386   -3.561   -2.618   -2.466
   -1.995   -0.940   -0.786   -0.639    0.234    0.633    0.826    1.494    5.191    5.283
    6.119    6.376    7.622    7.976    8.030    8.855   10.075   10.297   10.684   10.850
            0.000000  0.271355  0.000000
  -56.534  -32.847  -32.278  -32.176  -13.099  -13.062   -4.357   -3.553   -2.677   -2.529
   -1.982   -0.958   -0.798   -0.635    0.220    0.666    0.822    1.495    5.234    5.317
    6.122    6.407    7.640    7.935    7.992    8.840   10.087   10.319   10.741   10.868
            0.000000  0.277128  0.000000
  -56.534  -32.846  -32.283  -32.178  -13.080  -13.044   -4.329   -3.546   -2.736   -2.592
   -1.971   -0.976   -0.810   -0.629    0.205    0.700    0.818    1.496    5.278    5.351
    6.124    6.438    7.658    7.895    7.956    8.823   10.098   10.341   10.801   10.890
            0.000000  0.282902  0.000000
  -56.533  -32.846  -32.287  -32.179  -13.061  -13.026   -4.302   -3.539   -2.794   -2.654
   -1.961   -0.993   -0.823   -0.620    0.191    0.735    0.814    1.497    5.321    5.386
    6.125    6.469    7.673    7.855    7.924    8.803   10.106   10.363   10.860   10.914
            0.000000  0.288675  0.000000
  -56.533  -32.845  -32.292  -32.180  -13.042  -13.008   -4.274   -3.533   -2.852   -2.715
   -1.952   -1.011   -0.835   -0.610    0.178    0.770    0.810    1.497    5.364    5.422
    6.124    6.500    7.684    7.816    7.898    8.779   10.113   10.386   10.920   10.939
            0.000000  0.294449  0.000000
  -56.532  -32.844  -32.297  -32.181  -13.022  -12.990   -4.247   -3.526   -2.909   -2.776
   -1.944   -1.028   -0.847   -0.596    0.164    0.805    0.805    1.498    5.406    5.457
    6.123    6.531    7.685    7.777    7.884    8.753   10.120   10.409   10.963   10.979
            0.000000  0.300222  0.000000
  -56.532  -32.844  -32.301  -32.182  -13.003  -12.971   -4.221   -3.521   -2.965   -2.835
   -1.938   -1.045   -0.860   -0.581    0.151    0.801    0.842    1.499    5.448    5.493
    6.120    6.562    7.675    7.740    7.885    8.725   10.126   10.434   10.987   11.017
            0.000000  0.305996  0.000000
  -56.532  -32.843  -32.306  -32.183  -12.983  -12.953   -4.196   -3.517   -3.020   -2.893
   -1.933   -1.062   -0.873   -0.563    0.138    0.797    0.878    1.499    5.489    5.529
    6.117    6.593    7.653    7.703    7.899    8.694   10.133   10.459   10.978   11.007
            0.000000  0.311769  0.000000
  -56.531  -32.843  -32.311  -32.184  -12.963  -12.934   -4.171   -3.513   -3.074   -2.949
   -1.929   -1.079   -0.885   -0.543    0.126    0.792    0.915    1.500    5.529    5.565
    6.114    6.623    7.624    7.668    7.922    8.661   10.141   10.486   10.938   11.025
            0.000000  0.317543  0.000000
  -56.531  -32.842  -32.315  -32.185  -12.943  -12.915   -4.148   -3.512   -3.126   -3.003
   -1.926   -1.095   -0.898   -0.520    0.114    0.788    0.953    1.501    5.566    5.601
    6.113    6.653    7.591    7.635    7.952    8.626   10.149   10.514   10.897   11.038
            0.000000  0.323316  0.000000
  -56.530  -32.842  -32.320  -32.187  -12.924  -12.896   -4.127   -3.512   -3.176   -3.055
   -1.925   -1.112   -0.910   -0.496    0.103    0.783    0.990    1.502    5.601    5.637
    6.112    6.682    7.557    7.603    7.986    8.590   10.158   10.543   10.855   11.047
            0.000000  0.329090  0.000000
  -56.530  -32.841  -32.324  -32.188  -12.904  -12.877   -4.107   -3.515   -3.224   -3.103
   -1.925   -1.128   -0.923   -0.470    0.091    0.779    1.028    1.503    5.633    5.673
    6.115    6.710    7.521    7.574    8.023    8.552   10.167   10.573   10.813   11.050
            0.000000  0.334863  0.000000
  -56.529  -32.841  -32.329  -32.189  -12.884  -12.859   -4.089   -3.522   -3.269   -3.147
   -1.925   -1.144   -0.935   -0.442    0.081    0.774    1.067    1.505    5.659    5.708
    6.121    6.737    7.485    7.547    8.063    8.513   10.176   10.604   10.769   11.049
            0.000000  0.340637  0.000000
  -56.529  -32.840  -32.333  -32.190  -12.864  -12.840   -4.074   -3.534   -3.311   -3.185
   -1.927   -1.159   -0.947   -0.412    0.070    0.770    1.105    1.507    5.681    5.742
    6.132    6.762    7.449    7.523    8.105    8.473   10.185   10.635   10.726   11.043
            0.000000  0.346410  0.000000
  -56.528  -32.839  -32.338  -32.191  -12.844  -12.821   -4.063   -3.552   -3.350   -3.217
   -1.929   -1.175   -0.960   -0.382    0.060    0.765    1.144    1.510    5.696    5.775
    6.148    6.785    7.414    7.502    8.149    8.434   10.193   10.667   10.681   11.033
            0.000000  0.352184  0.000000
  -56.528  -32.839  -32.342  -32.192  -12.824  -12.802   -4.055   -3.575   -3.384   -3.242
   -1.932   -1.190   -0.972   -0.349    0.051    0.761    1.183    1.513    5.705    5.808
    6.170    6.807    7.379    7.485    8.195    8.394   10.200   10.637   10.700   11.020
            0.000000  0.357957  0.000000
  -56.527  -32.838  -32.346  -32.193  -12.804  -12.783   -4.052   -3.605   -3.413   -3.260
   -1.935   -1.205   -0.984   -0.316    0.041    0.757    1.222    1.517    5.708    5.838
    6.198    6.826    7.346    7.472    8.242    8.355   10.205   10.593   10.732   11.004
            0.000000  0.363731  0.000000
  -56.527  -32.838  -32.350  -32.194  -12.784  -12.765   -4.053   -3.640   -3.437   -3.272
   -1.939   -1.219   -0.996   -0.283    0.033    0.752    1.261    1.522    5.706    5.867
    6.231    6.842    7.313    7.462    8.291    8.317   10.208   10.549   10.765   10.987
            0.000000  0.369504  0.000000
  -56.527  -32.837  -32.354  -32.195  -12.765  -12.746   -4.060   -3.679   -3.455   -3.280
   -1.943   -1.234   -1.007   -0.248    0.024    0.748    1.300    1.527    5.698    5.893
    6.267    6.857    7.281    7.456    8.280    8.341   10.208   10.504   10.796   10.970
            0.000000  0.375278  0.000000
  -56.526  -32.836  -32.358  -32.196  -12.745  -12.728   -4.073   -3.721   -3.467   -3.284
   -1.948   -1.248   -1.019   -0.213    0.016    0.743    1.339    1.534    5.688    5.917
    6.307    6.870    7.251    7.453    8.245    8.393   10.204   10.460   10.825   10.954
            0.000000  0.381051  0.000000
  -56.526  -32.836  -32.362  -32.197  -12.726  -12.710   -4.090   -3.764   -3.474   -3.285
   -1.953   -1.262   -1.030   -0.179    0.009    0.739    1.377    1.542    5.674    5.937
    6.350    6.881    7.223    7.453    8.213    8.445   10.196   10.416   10.853   10.940
            0.000000  0.386825  0.000000
  -56.525  -32.835  -32.366  -32.198  -12.707  -12.692   -4.112   -3.808   -3.476   -3.285
   -1.957   -1.275   -1.041   -0.144    0.001    0.735    1.416    1.551    5.658    5.954
    6.393    6.893    7.197    7.455    8.185    8.499   10.183   10.372   10.876   10.928
            0.000000  0.392598  0.000000
  -56.525  -32.835  -32.370  -32.199  -12.688  -12.674   -4.138   -3.853   -3.473   -3.283
   -1.962   -1.288   -1.052   -0.109   -0.006    0.731    1.454    1.561    5.641    5.967
    6.437    6.904    7.173    7.458    8.160    8.554   10.165   10.329   10.895   10.921
            0.000000  0.398372  0.000000
  -56.524  -32.834  -32.374  -32.200  -12.669  -12.656   -4.167   -3.898   -3.467   -3.280
   -1.967   -1.301   -1.063   -0.075   -0.012    0.727    1.493    1.573    5.622    5.974
    6.482    6.916    7.151    7.461    8.140    8.609   10.142   10.285   10.906   10.917
            0.000000  0.404145  0.000000
  -56.524  -32.834  -32.378  -32.201  -12.651  -12.638   -4.198   -3.942   -3.459   -3.277
   -1.972   -1.313   -1.073   -0.042   -0.018    0.723    1.531    1.586    5.602    5.977
    6.525    6.930    7.134    7.463    8.127    8.666   10.114   10.242   10.907   10.917
            0.000000  0.409919  0.000000
  -56.524  -32.833  -32.381  -32.202  -12.632  -12.621   -4.231   -3.986   -3.448   -3.273
   -1.976   -1.326   -1.083   -0.024   -0.009    0.719    1.568    1.602    5.582    5.975
    6.566    6.947    7.120    7.462    8.119    8.724   10.081   10.200   10.898   10.920
            0.000000  0.415692  0.000000
  -56.523  -32.833  -32.385  -32.203  -12.615  -12.604   -4.265   -4.030   -3.436   -3.268
   -1.980   -1.337   -1.093   -0.030    0.022    0.715    1.605    1.619    5.561    5.967
    6.603    6.965    7.113    7.459    8.119    8.782   10.045   10.158   10.877   10.926
            0.000000  0.421466  0.000000
  -56.523  -32.832  -32.388  -32.203  -12.597  -12.588   -4.299   -4.072   -3.423   -3.264
   -1.984   -1.349   -1.103   -0.035    0.052    0.711    1.638    1.641    5.539    5.954
    6.635    6.985    7.112    7.453    8.125    8.841   10.006   10.117   10.846   10.934
            0.000000  0.427239  0.000000
  -56.523  -32.832  -32.392  -32.204  -12.580  -12.572   -4.334   -4.114   -3.409   -3.259
   -1.988   -1.360   -1.112   -0.040    0.080    0.707    1.659    1.677    5.518    5.937
    6.661    7.007    7.120    7.445    8.138    8.900    9.964   10.076   10.806   10.943
            0.000000  0.433013  0.000000
  -56.522  -32.831  -32.395  -32.205  -12.563  -12.556   -4.369   -4.154   -3.395   -3.254
   -1.991   -1.370   -1.122   -0.045    0.108    0.704    1.682    1.712    5.496    5.914
    6.679    7.030    7.137    7.437    8.157    8.961    9.921   10.036   10.758   10.952
            0.000000  0.438786  0.000000
  -56.522  -32.831  -32.398  -32.206  -12.546  -12.540   -4.403   -4.194   -3.380   -3.250
   -1.994   -1.381   -1.130   -0.049    0.133    0.700    1.707    1.747    5.475    5.888
    6.690    7.054    7.164    7.428    8.181    9.021    9.876    9.997   10.704   10.961
            0.000000  0.444560  0.000000
  -56.522  -32.831  -32.401  -32.207  -12.530  -12.525   -4.437   -4.232   -3.366   -3.245
   -1.997   -1.391   -1.139   -0.053    0.157    0.697    1.735    1.781    5.454    5.858
    6.695    7.075    7.199    7.422    8.211    9.082    9.830    9.959   10.646   10.968
            0.000000  0.450333  0.000000
  -56.521  -32.830  -32.404  -32.207  -12.515  -12.510   -4.470   -4.269   -3.352   -3.240
   -1.999   -1.400   -1.147   -0.057    0.179    0.693    1.764    1.813    5.433    5.825
    6.693    7.093    7.241    7.420    8.244    9.143    9.784    9.922   10.585   10.971
            0.000000  0.456107  0.000000
  -56.521  -32.830  -32.407  -32.208  -12.500  -12.496   -4.502   -4.305   -3.338   -3.236
   -2.001   -1.409   -1.155   -0.060    0.199    0.690    1.795    1.845    5.413    5.789
    6.688    7.106    7.289    7.424    8.280    9.204    9.738    9.885   10.520   10.969
            0.000000  0.461880  0.000000
  -56.521  -32.830  -32.409  -32.209  -12.485  -12.483   -4.534   -4.339   -3.324   -3.231
   -2.003   -1.418   -1.162   -0.063    0.217    0.687    1.828    1.876    5.394    5.750
    6.680    7.112    7.342    7.437    8.320    9.265    9.692    9.850   10.455   10.959
            0.000000  0.467654  0.000000
  -56.521  -32.829  -32.412  -32.209  -12.471  -12.469   -4.564   -4.372   -3.311   -3.227
   -2.004   -1.427   -1.170   -0.066    0.233    0.684    1.862    1.907    5.375    5.709
    6.670    7.111    7.398    7.458    8.361    9.325    9.646    9.816   10.388   10.939
            0.000000  0.473427  0.000000
  -56.520  -32.829  -32.414  -32.210  -12.458  -12.457   -4.593   -4.403   -3.298   -3.223
   -2.004   -1.434   -1.176   -0.069    0.248    0.682    1.898    1.936    5.356    5.667
    6.659    7.105    7.456    7.487    8.404    9.384    9.602    9.783   10.322   10.909
            0.000000  0.479201  0.000000
  -56.520  -32.828  -32.417  -32.211  -12.445  -12.444   -4.621   -4.433   -3.286   -3.219
   -2.005   -1.442   -1.183   -0.071    0.261    0.679    1.935    1.964    5.339    5.624
    6.647    7.095    7.517    7.521    8.448    9.440    9.558    9.751   10.258   10.867
            0.000000  0.484974  0.000000
  -56.520  -32.828  -32.419  -32.211  -12.433  -12.432   -4.648   -4.462   -3.275   -3.215
   -2.005   -1.449   -1.189   -0.074    0.273    0.676    1.973    1.990    5.322    5.580
    6.636    7.081    7.560    7.580    8.493    9.493    9.516    9.721   10.196   10.816
            0.000000  0.490748  0.000000
  -56.519  -32.828  -32.421  -32.212  -12.422  -12.421   -4.673   -4.489   -3.265   -3.211
   -2.005   -1.456   -1.195   -0.076    0.283    0.674    2.011    2.016    5.306    5.535
    6.624    7.066    7.602    7.644    8.537    9.476    9.539    9.693   10.141   10.756
            0.000000  0.496521  0.000000
  -56.519  -32.827  -32.423  -32.212  -12.411  -12.410   -4.697   -4.514   -3.255   -3.208
   -2.004   -1.462   -1.201   -0.077    0.292    0.672    2.040    2.050    5.290    5.490
    6.612    7.050    7.647    7.710    8.582    9.438    9.574    9.665   10.096   10.691
            0.000000  0.502295  0.000000
  -56.519  -32.827  -32.425  -32.213  -12.402  -12.399   -4.720   -4.538   -3.245   -3.205
   -2.004   -1.468   -1.206   -0.079    0.300    0.670    2.063    2.088    5.276    5.446
    6.601    7.034    7.693    7.776    8.624    9.403    9.593    9.640   10.068   10.622
            0.000000  0.508068  0.000000
  -56.519  -32.827  -32.426  -32.213  -12.393  -12.389   -4.741   -4.560   -3.237   -3.202
   -2.003   -1.473   -1.210   -0.081    0.306    0.668    2.084    2.127    5.262    5.402
    6.591    7.018    7.740    7.843    8.665    9.371    9.591    9.616   10.061   10.551
            0.000000  0.513842  0.000000
  -56.519  -32.827  -32.428  -32.213  -12.384  -12.380   -4.760   -4.580   -3.229   -3.199
   -2.002   -1.479   -1.215   -0.082    0.312    0.666    2.104    2.164    5.250    5.360
    6.581    7.004    7.788    7.911    8.702    9.345    9.567    9.593   10.076   10.480
            0.000000  0.519615  0.000000
  -56.518  -32.826  -32.429  -32.214  -12.376  -12.372   -4.778   -4.599   -3.222   -3.196
   -2.001   -1.483   -1.219   -0.083    0.316    0.664    2.122    2.200    5.238    5.319
    6.572    6.989    7.835    7.979    8.734    9.325    9.525    9.573   10.109   10.408
            0.000000  0.525389  0.000000
  -56.518  -32.826  -32.431  -32.214  -12.369  -12.365   -4.794   -4.616   -3.216   -3.194
   -2.000   -1.487   -1.222   -0.084    0.320    0.663    2.139    2.235    5.228    5.280
    6.563    6.976    7.882    8.047    8.760    9.313    9.471    9.554   10.154   10.336
            0.000000  0.531162  0.000000
  -56.518  -32.826  -32.432  -32.214  -12.363  -12.358   -4.809   -4.631   -3.210   -3.192
   -1.999   -1.491   -1.226   -0.085    0.323    0.661    2.154    2.267    5.218    5.244
    6.555    6.964    7.928    8.115    8.777    9.310    9.411    9.537   10.205   10.266
            0.000000  0.536936  0.000000
  -56.518  -32.826  -32.433  -32.215  -12.357  -12.352   -4.822   -4.645   -3.205   -3.190
   -1.998   -1.494   -1.229   -0.086    0.325    0.660    2.167    2.297    5.210    5.211
    6.548    6.953    7.972    8.183    8.785    9.318    9.348    9.521   10.197   10.261
            0.000000  0.542709  0.000000
  -56.518  -32.826  -32.434  -32.215  -12.352  -12.347   -4.833   -4.656   -3.201   -3.189
   -1.997   -1.497   -1.231   -0.087    0.327    0.659    2.179    2.324    5.181    5.202
    6.542    6.943    8.013    8.249    8.786    9.283    9.335    9.508   10.130   10.317
            0.000000  0.548483  0.000000
  -56.518  -32.826  -32.435  -32.215  -12.348  -12.342   -4.843   -4.666   -3.197   -3.187
   -1.996   -1.500   -1.233   -0.088    0.329    0.658    2.189    2.347    5.155    5.196
    6.537    6.935    8.052    8.314    8.780    9.219    9.360    9.497   10.067   10.374
            0.000000  0.554256  0.000000
  -56.518  -32.826  -32.436  -32.215  -12.345  -12.338   -4.851   -4.674   -3.194   -3.186
   -1.995   -1.502   -1.235   -0.088    0.330    0.657    2.197    2.367    5.133    5.191
    6.533    6.928    8.086    8.375    8.770    9.158    9.390    9.488   10.008   10.428
            0.000000  0.560030  0.000000
  -56.518  -32.826  -32.436  -32.215  -12.342  -12.336   -4.857   -4.681   -3.192   -3.185
   -1.994   -1.503   -1.236   -0.088    0.331    0.657    2.204    2.383    5.115    5.187
    6.530    6.923    8.114    8.431    8.759    9.102    9.421    9.481    9.956   10.477
            0.000000  0.565803  0.000000
  -56.518  -32.826  -32.436  -32.215  -12.340  -12.334   -4.861   -4.685   -3.190   -3.185
   -1.994   -1.504   -1.237   -0.089    0.332    0.656    2.208    2.395    5.102    5.184
    6.527    6.919    8.136    8.477    8.749    9.055    9.450    9.475    9.912   10.518
            0.000000  0.571577  0.000000
  -56.518  -32.826  -32.436  -32.215  -12.339  -12.332   -4.864   -4.688   -3.189   -3.184
   -1.994   -1.505   -1.238   -0.089    0.332    0.656    2.211    2.402    5.095    5.182
    6.526    6.917    8.150    8.509    8.742    9.023    9.471    9.472    9.883   10.545
            0.000000  0.577350  0.000000
  -56.518  -32.826  -32.436  -32.215  -12.338  -12.332   -4.864   -4.689   -3.189   -3.184
   -1.993   -1.505   -1.238   -0.089    0.332    0.656    2.212    2.404    5.092    5.182
    6.526    6.917    8.155    8.521    8.739    9.011    9.471    9.479    9.872   10.555
            0.005747  0.577350  0.000000
  -56.518  -32.826  -32.436  -32.215  -12.338  -12.332   -4.864   -4.689   -3.189   -3.184
   -1.993   -1.507   -1.240   -0.089    0.333    0.656    2.195    2.422    5.092    5.183
    6.528    6.918    8.155    8.522    8.739    9.011    9.465    9.484    9.874   10.556
            0.011494  0.577350  0.000000
  -56.518  -32.826  -32.436  -32.216  -12.338  -12.331   -4.863   -4.688   -3.188   -3.184
   -1.993   -1.511   -1.244   -0.088    0.333    0.654    2.155    2.463    5.092    5.185
    6.534    6.923    8.156    8.523    8.738    9.012    9.452    9.490    9.879   10.557
            0.017241  0.577350  0.000000
  -56.518  -32.826  -32.436  -32.216  -12.337  -12.331   -4.861   -4.686   -3.186   -3.183
   -1.992   -1.518   -1.251   -0.088    0.334    0.652    2.106    2.514    5.092    5.188
    6.543    6.933    8.157    8.525    8.736    9.013    9.437    9.495    9.886   10.559
            0.022988  0.577350  0.000000
  -56.518  -32.826  -32.436  -32.217  -12.337  -12.330   -4.859   -4.684   -3.184   -3.182
   -1.990   -1.528   -1.261   -0.087    0.335    0.649    2.053    2.571    5.092    5.193
    6.557    6.945    8.158    8.529    8.734    9.014    9.418    9.500    9.895   10.562
            0.028735  0.577350  0.000000
  -56.518  -32.826  -32.436  -32.217  -12.336  -12.329   -4.856   -4.681   -3.181   -3.181
   -1.988   -1.541   -1.273   -0.086    0.337    0.645    1.999    2.629    5.091    5.200
    6.575    6.961    8.160    8.533    8.731    9.016    9.397    9.505    9.907   10.566
            0.034482  0.577350  0.000000
  -56.518  -32.826  -32.436  -32.218  -12.335  -12.328   -4.852   -4.678   -3.179   -3.178
   -1.986   -1.557   -1.288   -0.086    0.339    0.641    1.944    2.689    5.091    5.208
    6.596    6.981    8.163    8.538    8.726    9.019    9.375    9.511    9.920   10.570
            0.040229  0.577350  0.000000
  -56.518  -32.826  -32.435  -32.219  -12.333  -12.326   -4.848   -4.674   -3.178   -3.175
   -1.984   -1.575   -1.306   -0.085    0.341    0.635    1.890    2.750    5.090    5.217
    6.622    7.004    8.166    8.544    8.720    9.021    9.350    9.517    9.934   10.575
            0.045977  0.577349  0.000000
  -56.518  -32.826  -32.435  -32.220  -12.332  -12.325   -4.843   -4.669   -3.176   -3.170
   -1.982   -1.596   -1.325   -0.084    0.344    0.630    1.835    2.812    5.090    5.227
    6.651    7.030    8.169    8.551    8.713    9.025    9.326    9.523    9.948   10.581
            0.051724  0.577349  0.000000
  -56.518  -32.826  -32.434  -32.221  -12.330  -12.323   -4.837   -4.664   -3.173   -3.165
   -1.979   -1.619   -1.346   -0.084    0.346    0.623    1.781    2.875    5.089    5.239
    6.683    7.060    8.172    8.559    8.704    9.028    9.302    9.531    9.964   10.588
            0.057471  0.577349  0.000000
  -56.518  -32.826  -32.434  -32.222  -12.328  -12.321   -4.830   -4.658   -3.171   -3.160
   -1.977   -1.645   -1.369   -0.083    0.349    0.617    1.727    2.938    5.089    5.252
    6.720    7.092    8.176    8.568    8.692    9.032    9.279    9.539    9.979   10.595
            0.063218  0.577349  0.000000
  -56.518  -32.826  -32.433  -32.223  -12.326  -12.319   -4.823   -4.652   -3.168   -3.154
   -1.975   -1.673   -1.392   -0.083    0.351    0.610    1.674    3.001    5.088    5.266
    6.760    7.129    8.179    8.578    8.678    9.036    9.258    9.548    9.996   10.603
            0.068965  0.577349  0.000000
  -56.518  -32.825  -32.432  -32.224  -12.323  -12.316   -4.815   -4.645   -3.165   -3.148
   -1.975   -1.703   -1.417   -0.084    0.354    0.603    1.622    3.065    5.087    5.282
    6.803    7.167    8.183    8.589    8.662    9.040    9.239    9.557   10.012   10.611
            0.074712  0.577349  0.000000
  -56.517  -32.825  -32.432  -32.226  -12.321  -12.313   -4.807   -4.638   -3.162   -3.141
   -1.975   -1.735   -1.441   -0.085    0.356    0.596    1.570    3.129    5.086    5.298
    6.849    7.209    8.186    8.600    8.643    9.044    9.223    9.568   10.029   10.619
            0.080459  0.577349  0.000000
  -56.517  -32.825  -32.431  -32.227  -12.318  -12.311   -4.798   -4.629   -3.158   -3.134
   -1.977   -1.769   -1.465   -0.086    0.359    0.589    1.519    3.193    5.085    5.315
    6.899    7.252    8.189    8.613    8.621    9.048    9.210    9.579   10.047   10.626
            0.086206  0.577349  0.000000
  -56.517  -32.825  -32.430  -32.229  -12.315  -12.308   -4.788   -4.621   -3.155   -3.126
   -1.981   -1.804   -1.488   -0.089    0.361    0.581    1.468    3.257    5.083    5.334
    6.951    7.298    8.190    8.599    8.626    9.053    9.201    9.591   10.064   10.630
            0.091953  0.577349  0.000000
  -56.517  -32.825  -32.429  -32.231  -12.312  -12.304   -4.778   -4.611   -3.151   -3.118
   -1.988   -1.841   -1.509   -0.092    0.362    0.575    1.419    3.321    5.081    5.353
    7.007    7.346    8.190    8.575    8.640    9.057    9.195    9.603   10.082   10.629
            0.097700  0.577349  0.000000
  -56.517  -32.825  -32.428  -32.232  -12.309  -12.301   -4.766   -4.601   -3.147   -3.110
   -1.998   -1.880   -1.527   -0.096    0.364    0.568    1.370    3.385    5.079    5.373
    7.065    7.396    8.188    8.553    8.654    9.061    9.192    9.617   10.100   10.617
            0.103447  0.577348  0.000000
  -56.517  -32.825  -32.427  -32.234  -12.305  -12.297   -4.755   -4.591   -3.143   -3.102
   -2.013   -1.920   -1.542   -0.100    0.365    0.562    1.322    3.450    5.077    5.395
    7.126    7.447    8.184    8.532    8.669    9.065    9.192    9.631   10.119   10.586
            0.109194  0.577348  0.000000
  -56.517  -32.825  -32.426  -32.236  -12.302  -12.294   -4.742   -4.580   -3.138   -3.093
   -2.032   -1.962   -1.553   -0.106    0.366    0.556    1.275    3.514    5.075    5.416
    7.189    7.498    8.175    8.514    8.685    9.069    9.195    9.646   10.138   10.539
            0.114941  0.577348  0.000000
  -56.517  -32.825  -32.425  -32.238  -12.298  -12.290   -4.729   -4.568   -3.134   -3.084
   -2.055   -2.005   -1.560   -0.113    0.366    0.551    1.228    3.578    5.073    5.439
    7.255    7.548    8.163    8.502    8.701    9.072    9.201    9.662   10.158   10.484
            0.120688  0.577348  0.000000
  -56.517  -32.825  -32.424  -32.241  -12.294  -12.286   -4.716   -4.556   -3.129   -3.074
   -2.083   -2.049   -1.562   -0.120    0.366    0.546    1.183    3.641    5.070    5.462
    7.322    7.597    8.148    8.495    8.718    9.074    9.209    9.679   10.178   10.426
            0.126436  0.577348  0.000000
  -56.517  -32.825  -32.422  -32.243  -12.290  -12.282   -4.701   -4.543   -3.124   -3.065
   -2.115   -2.093   -1.560   -0.128    0.365    0.542    1.139    3.705    5.068    5.486
    7.391    7.642    8.132    8.494    8.734    9.077    9.219    9.696   10.199   10.367
            0.132183  0.577348  0.000000
  -56.517  -32.824  -32.421  -32.246  -12.286  -12.278   -4.686   -4.530   -3.119   -3.055
   -2.151   -2.139   -1.555   -0.138    0.363    0.538    1.095    3.768    5.065    5.510
    7.462    7.681    8.117    8.499    8.750    9.078    9.232    9.715   10.220   10.309
            0.137930  0.577348  0.000000
  -56.516  -32.824  -32.420  -32.248  -12.282  -12.273   -4.671   -4.516   -3.114   -3.045
   -2.190   -2.185   -1.546   -0.147    0.361    0.535    1.053    3.831    5.062    5.536
    7.535    7.710    8.109    8.509    8.766    9.080    9.246    9.734   10.242   10.254
            0.143677  0.577348  0.000000
  -56.516  -32.824  -32.418  -32.251  -12.277  -12.269   -4.654   -4.501   -3.109   -3.035
   -2.233   -2.232   -1.534   -0.158    0.358    0.533    1.012    3.893    5.060    5.561
    7.609    7.725    8.110    8.525    8.780    9.081    9.262    9.754   10.201   10.264
            0.149424  0.577348  0.000000
  -56.516  -32.824  -32.417  -32.253  -12.273  -12.264   -4.638   -4.486   -3.104   -3.025
   -2.280   -2.276   -1.520   -0.170    0.354    0.531    0.972    3.955    5.057    5.587
    7.684    7.724    8.124    8.546    8.793    9.083    9.280    9.774   10.152   10.287
            0.155171  0.577348  0.000000
  -56.516  -32.824  -32.415  -32.256  -12.269  -12.260   -4.620   -4.470   -3.098   -3.015
   -2.328   -2.322   -1.503   -0.182    0.350    0.530    0.934    4.015    5.055    5.614
    7.709    7.760    8.149    8.571    8.803    9.085    9.300    9.796   10.107   10.310
            0.160918  0.577347  0.000000
  -56.516  -32.824  -32.414  -32.259  -12.264  -12.255   -4.602   -4.454   -3.093   -3.005
   -2.377   -2.369   -1.485   -0.195    0.345    0.529    0.896    4.075    5.052    5.641
    7.683    7.837    8.180    8.601    8.809    9.090    9.321    9.818   10.067   10.334
            0.166665  0.577347  0.000000
  -56.516  -32.823  -32.412  -32.262  -12.259  -12.250   -4.584   -4.437   -3.088   -2.995
   -2.425   -2.418   -1.465   -0.208    0.338    0.529    0.860    4.134    5.051    5.668
    7.649    7.913    8.216    8.636    8.811    9.098    9.344    9.841   10.031   10.359
            0.172412  0.577347  0.000000
  -56.516  -32.823  -32.411  -32.265  -12.255  -12.245   -4.564   -4.420   -3.083   -2.986
   -2.474   -2.467   -1.443   -0.221    0.331    0.529    0.826    4.191    5.049    5.695
    7.611    7.989    8.253    8.676    8.808    9.110    9.369    9.865   10.000   10.384
            0.178159  0.577347  0.000000
  -56.516  -32.823  -32.409  -32.267  -12.250  -12.240   -4.545   -4.402   -3.078   -2.976
   -2.523   -2.518   -1.420   -0.235    0.322    0.530    0.793    4.247    5.048    5.723
    7.569    8.064    8.289    8.720    8.801    9.125    9.395    9.889    9.974   10.410
            0.183906  0.577347  0.000000
  -56.516  -32.823  -32.407  -32.271  -12.245  -12.236   -4.524   -4.384   -3.072   -2.966
   -2.572   -2.568   -1.396   -0.250    0.313    0.530    0.762    4.301    5.048    5.751
    7.526    8.136    8.324    8.768    8.789    9.145    9.424    9.914    9.952   10.437
            0.189653  0.577347  0.000000
  -56.516  -32.823  -32.405  -32.274  -12.241  -12.231   -4.503   -4.365   -3.068   -2.957
   -2.621   -2.620   -1.370   -0.264    0.302    0.532    0.733    4.353    5.050    5.779
    7.482    8.205    8.357    8.776    8.818    9.168    9.455    9.934    9.940   10.464
            0.195400  0.577347  0.000000
  -56.515  -32.823  -32.403  -32.276  -12.236  -12.226   -4.482   -4.345   -3.063   -2.947
   -2.671   -2.670   -1.344   -0.278    0.290    0.533    0.705    4.403    5.053    5.807
    7.437    8.268    8.389    8.763    8.869    9.195    9.487    9.921    9.967   10.492
            0.201147  0.577347  0.000000
  -56.515  -32.823  -32.402  -32.279  -12.231  -12.221   -4.460   -4.325   -3.059   -2.938
   -2.723   -2.718   -1.317   -0.293    0.277    0.535    0.679    4.450    5.057    5.835
    7.393    8.322    8.418    8.754    8.921    9.225    9.522    9.911    9.994   10.520
            0.206894  0.577347  0.000000
  -56.515  -32.823  -32.400  -32.283  -12.227  -12.216   -4.437   -4.305   -3.055   -2.929
   -2.774   -2.765   -1.289   -0.307    0.263    0.537    0.655    4.493    5.064    5.863
    7.349    8.363    8.447    8.755    8.972    9.257    9.560    9.904   10.022   10.550
            0.212642  0.577347  0.000000
  -56.515  -32.822  -32.398  -32.286  -12.222  -12.211   -4.414   -4.284   -3.053   -2.921
   -2.826   -2.811   -1.261   -0.322    0.248    0.539    0.633    4.532    5.074    5.891
    7.306    8.386    8.475    8.770    9.021    9.293    9.599    9.899   10.050   10.580
            0.218389  0.577346  0.000000
  -56.515  -32.822  -32.396  -32.289  -12.217  -12.207   -4.391   -4.262   -3.052   -2.912
   -2.877   -2.855   -1.233   -0.336    0.232    0.542    0.612    4.568    5.086    5.919
    7.264    8.391    8.501    8.800    9.067    9.330    9.641    9.897   10.080   10.610
            0.224136  0.577346  0.000000
  -56.515  -32.822  -32.394  -32.292  -12.213  -12.202   -4.367   -4.240   -3.054   -2.928
   -2.904   -2.896   -1.204   -0.349    0.216    0.544    0.593    4.598    5.102    5.946
    7.223    8.380    8.528    8.843    9.110    9.370    9.684    9.897   10.109   10.642
            0.229883  0.577346  0.000000
  -56.515  -32.822  -32.392  -32.295  -12.209  -12.197   -4.342   -4.218   -3.061   -2.979
   -2.931   -2.896   -1.175   -0.363    0.199    0.547    0.575    4.624    5.121    5.973
    7.184    8.359    8.554    8.893    9.149    9.412    9.729    9.898   10.140   10.674
            0.235630  0.577346  0.000000
  -56.515  -32.822  -32.390  -32.298  -12.204  -12.193   -4.317   -4.195   -3.077   -3.029
   -2.958   -2.888   -1.146   -0.376    0.181    0.549    0.558    4.646    5.144    5.999
    7.146    8.331    8.579    8.947    9.183    9.456    9.774    9.900   10.172   10.707
            0.241377  0.577346  0.000000
  -56.515  -32.822  -32.387  -32.302  -12.200  -12.189   -4.292   -4.172   -3.103   -3.078
   -2.973   -2.881   -1.117   -0.388    0.164    0.543    0.552    4.662    5.169    6.025
    7.109    8.300    8.605    9.003    9.212    9.501    9.819    9.903   10.204   10.741
            0.247124  0.577346  0.000000
  -56.515  -32.822  -32.385  -32.305  -12.196  -12.184   -4.266   -4.148   -3.137   -3.127
   -2.980   -2.874   -1.088   -0.401    0.146    0.529    0.555    4.675    5.196    6.050
    7.074    8.266    8.630    9.059    9.236    9.548    9.862    9.906   10.238   10.776
            0.252871  0.577346  0.000000
  -56.514  -32.821  -32.383  -32.308  -12.192  -12.180   -4.239   -4.124   -3.175   -3.175
   -2.982   -2.868   -1.060   -0.412    0.130    0.515    0.557    4.684    5.225    6.074
    7.041    8.232    8.655    9.113    9.255    9.595    9.903    9.908   10.273   10.811
            0.258618  0.577346  0.000000
  -56.514  -32.821  -32.381  -32.311  -12.188  -12.176   -4.213   -4.100   -3.222   -3.215
   -2.982   -2.862   -1.033   -0.423    0.113    0.503    0.559    4.691    5.255    6.097
    7.010    8.198    8.680    9.167    9.268    9.643    9.910    9.942   10.309   10.846
            0.264365  0.577346  0.000000
  -56.514  -32.821  -32.379  -32.315  -12.185  -12.173   -4.186   -4.075   -3.268   -3.256
   -2.981   -2.856   -1.007   -0.433    0.098    0.491    0.562    4.695    5.284    6.119
    6.981    8.165    8.705    9.219    9.276    9.690    9.912    9.977   10.347   10.880
            0.270112  0.577346  0.000000
  -56.514  -32.821  -32.376  -32.318  -12.181  -12.169   -4.159   -4.050   -3.313   -3.296
   -2.979   -2.851   -0.982   -0.443    0.083    0.480    0.564    4.698    5.314    6.140
    6.955    8.133    8.730    9.269    9.280    9.736    9.912   10.008   10.386   10.911
            0.275859  0.577345  0.000000
  -56.514  -32.821  -32.374  -32.321  -12.178  -12.166   -4.132   -4.025   -3.356   -3.335
   -2.977   -2.846   -0.958   -0.452    0.070    0.470    0.566    4.700    5.342    6.159
    6.930    8.103    8.755    9.278    9.318    9.779    9.911   10.037   10.427   10.937
            0.281606  0.577345  0.000000
  -56.514  -32.821  -32.371  -32.324  -12.175  -12.163   -4.104   -4.000   -3.399   -3.374
   -2.975   -2.841   -0.935   -0.460    0.058    0.460    0.568    4.700    5.369    6.177
    6.909    8.075    8.780    9.271    9.365    9.820    9.910   10.063   10.469   10.958
            0.287353  0.577345  0.000000
  -56.514  -32.821  -32.369  -32.327  -12.173  -12.160   -4.077   -3.975   -3.440   -3.412
   -2.973   -2.837   -0.915   -0.467    0.047    0.451    0.570    4.700    5.393    6.194
    6.890    8.050    8.805    9.261    9.411    9.854    9.908   10.087   10.513   10.976
            0.293101  0.577345  0.000000
  -56.514  -32.821  -32.367  -32.330  -12.170  -12.158   -4.050   -3.950   -3.479   -3.448
   -2.971   -2.834   -0.897   -0.474    0.038    0.442    0.572    4.700    5.416    6.209
    6.873    8.027    8.829    9.247    9.455    9.875    9.915   10.109   10.557   10.992
            0.298848  0.577345  0.000000
  -56.514  -32.821  -32.364  -32.333  -12.168  -12.155   -4.024   -3.925   -3.516   -3.482
   -2.970   -2.831   -0.881   -0.480    0.031    0.434    0.573    4.699    5.435    6.221
    6.858    8.006    8.852    9.230    9.498    9.875    9.935   10.130   10.601   11.004
            0.304595  0.577345  0.000000
  -56.514  -32.821  -32.362  -32.336  -12.166  -12.153   -3.999   -3.901   -3.550   -3.514
   -2.968   -2.828   -0.867   -0.485    0.026    0.427    0.574    4.699    5.452    6.232
    6.846    7.989    8.875    9.212    9.539    9.865    9.957   10.150   10.646   11.011
            0.310342  0.577345  0.000000
  -56.514  -32.820  -32.359  -32.338  -12.165  -12.152   -3.975   -3.879   -3.581   -3.543
   -2.967   -2.826   -0.856   -0.489    0.022    0.421    0.576    4.698    5.466    6.242
    6.837    7.976    8.896    9.194    9.578    9.852    9.976   10.167   10.692   11.010
            0.316089  0.577345  0.000000
  -56.514  -32.820  -32.356  -32.341  -12.164  -12.150   -3.955   -3.859   -3.607   -3.569
   -2.966   -2.824   -0.847   -0.492    0.019    0.416    0.577    4.698    5.476    6.249
    6.830    7.965    8.914    9.176    9.615    9.836    9.990   10.183   10.738   10.997
            0.321836  0.577345  0.000000
  -56.514  -32.820  -32.354  -32.344  -12.163  -12.149   -3.938   -3.842   -3.628   -3.589
   -2.966   -2.823   -0.841   -0.494    0.018    0.412    0.577    4.698    5.483    6.254
    6.825    7.957    8.929    9.162    9.648    9.818    9.998   10.195   10.783   10.970
            0.327583  0.577345  0.000000
  -56.514  -32.820  -32.351  -32.346  -12.162  -12.149   -3.927   -3.831   -3.642   -3.603
   -2.965   -2.822   -0.837   -0.495    0.017    0.410    0.578    4.698    5.488    6.257
    6.822    7.952    8.939    9.152    9.673    9.803   10.003   10.204   10.828   10.933
            0.333330  0.577344  0.000000
  -56.514  -32.820  -32.349  -32.349  -12.162  -12.149   -3.923   -3.827   -3.646   -3.608
   -2.965   -2.822   -0.836   -0.496    0.017    0.409    0.578    4.698    5.489    6.258
    6.821    7.951    8.943    9.148    9.683    9.797   10.004   10.207   10.857   10.905
            0.330431  0.572324  0.000000
  -56.514  -32.820  -32.351  -32.346  -12.162  -12.149   -3.927   -3.831   -3.642   -3.603
   -2.965   -2.822   -0.837   -0.495    0.017    0.410    0.578    4.698    5.488    6.257
    6.822    7.952    8.939    9.152    9.673    9.803   10.004   10.203   10.827   10.935
            0.327533  0.567304  0.000000
  -56.514  -32.820  -32.354  -32.344  -12.163  -12.150   -3.937   -3.841   -3.629   -3.590
   -2.965   -2.823   -0.840   -0.494    0.017    0.413    0.577    4.697    5.484    6.254
    6.824    7.956    8.930    9.162    9.647    9.815   10.004   10.191   10.784   10.980
            0.324634  0.562283  0.000000
  -56.514  -32.820  -32.356  -32.341  -12.164  -12.151   -3.952   -3.856   -3.609   -3.571
   -2.966   -2.824   -0.846   -0.492    0.016    0.418    0.576    4.697    5.479    6.249
    6.828    7.964    8.917    9.177    9.611    9.824   10.010   10.170   10.745   11.027
            0.321736  0.557263  0.000000
  -56.514  -32.820  -32.359  -32.338  -12.165  -12.152   -3.971   -3.873   -3.585   -3.548
   -2.967   -2.826   -0.853   -0.488    0.013    0.425    0.575    4.695    5.472    6.243
    6.832    7.973    8.901    9.195    9.570    9.824   10.022   10.138   10.710   11.073
            0.318837  0.552243  0.000000
  -56.514  -32.821  -32.361  -32.336  -12.167  -12.154   -3.990   -3.892   -3.557   -3.523
   -2.968   -2.828   -0.862   -0.484    0.010    0.435    0.574    4.692    5.464    6.236
    6.837    7.985    8.884    9.215    9.525    9.814   10.042   10.097   10.680   11.112
            0.315939  0.547222  0.000000
  -56.514  -32.821  -32.364  -32.333  -12.169  -12.156   -4.011   -3.911   -3.527   -3.495
   -2.969   -2.831   -0.872   -0.479    0.005    0.446    0.573    4.688    5.457    6.227
    6.842    7.999    8.866    9.236    9.477    9.798   10.049   10.067   10.652   11.129
            0.313040  0.542202  0.000000
  -56.514  -32.821  -32.366  -32.331  -12.172  -12.159   -4.031   -3.929   -3.495   -3.467
   -2.970   -2.835   -0.883   -0.474   -0.002    0.460    0.571    4.681    5.451    6.217
    6.848    8.014    8.849    9.258    9.427    9.775    9.996   10.096   10.626   11.121
            0.310142  0.537181  0.000000
  -56.514  -32.821  -32.368  -32.328  -12.175  -12.163   -4.051   -3.947   -3.461   -3.437
   -2.971   -2.839   -0.895   -0.467   -0.010    0.476    0.569    4.671    5.447    6.207
    6.853    8.031    8.832    9.280    9.376    9.750    9.938   10.126   10.598   11.107
            0.307243  0.532161  0.000000
  -56.514  -32.821  -32.369  -32.325  -12.179  -12.167   -4.070   -3.963   -3.427   -3.407
   -2.972   -2.843   -0.908   -0.459   -0.020    0.493    0.567    4.658    5.445    6.196
    6.859    8.048    8.815    9.302    9.323    9.722    9.879   10.157   10.567   11.095
            0.304345  0.527141  0.000000
  -56.514  -32.821  -32.371  -32.322  -12.183  -12.171   -4.088   -3.979   -3.392   -3.377
   -2.973   -2.848   -0.922   -0.451   -0.031    0.512    0.564    4.642    5.447    6.184
    6.864    8.065    8.798    9.270    9.324    9.692    9.818   10.188   10.534   11.059
            0.301446  0.522120  0.000000
  -56.514  -32.821  -32.373  -32.320  -12.188  -12.176   -4.105   -3.993   -3.356   -3.348
   -2.974   -2.853   -0.936   -0.442   -0.044    0.531    0.561    4.620    5.452    6.173
    6.869    8.082    8.780    9.218    9.344    9.661    9.758   10.219   10.499   10.999
            0.298548  0.517100  0.000000
  -56.514  -32.822  -32.374  -32.317  -12.193  -12.181   -4.121   -4.006   -3.320   -3.318
   -2.973   -2.859   -0.951   -0.432   -0.058    0.552    0.558    4.594    5.462    6.161
    6.874    8.098    8.761    9.167    9.364    9.629    9.699   10.249   10.462   10.937
            0.295649  0.512079  0.000000
  -56.515  -32.822  -32.376  -32.314  -12.198  -12.187   -4.136   -4.018   -3.290   -3.283
   -2.972   -2.865   -0.966   -0.421   -0.074    0.555    0.573    4.563    5.477    6.149
    6.877    8.111    8.741    9.118    9.383    9.597    9.642   10.279   10.423   10.873
            0.292751  0.507059  0.000000
  -56.515  -32.822  -32.377  -32.312  -12.205  -12.194   -4.149   -4.028   -3.262   -3.246
   -2.969   -2.872   -0.981   -0.409   -0.090    0.552    0.594    4.527    5.497    6.136
    6.881    8.121    8.719    9.073    9.400    9.566    9.587   10.307   10.386   10.808
            0.289852  0.502039  0.000000
  -56.515  -32.822  -32.379  -32.309  -12.211  -12.201   -4.160   -4.037   -3.237   -3.209
   -2.965   -2.879   -0.997   -0.397   -0.107    0.548    0.616    4.486    5.521    6.125
    6.884    8.126    8.695    9.032    9.415    9.534    9.535   10.334   10.349   10.742
            0.286954  0.497018  0.000000
  -56.515  -32.822  -32.380  -32.306  -12.218  -12.208   -4.171   -4.044   -3.213   -3.172
   -2.958   -2.886   -1.012   -0.384   -0.126    0.544    0.638    4.442    5.550    6.113
    6.886    8.126    8.668    8.997    9.427    9.486    9.504   10.314   10.359   10.675
            0.284055  0.491998  0.000000
  -56.515  -32.822  -32.380  -32.303  -12.226  -12.216   -4.179   -4.050   -3.193   -3.136
   -2.947   -2.893   -1.028   -0.371   -0.145    0.540    0.660    4.393    5.583    6.102
    6.888    8.120    8.638    8.968    9.434    9.445    9.474   10.283   10.383   10.608
            0.281157  0.486978  0.000000
  -56.515  -32.823  -32.381  -32.301  -12.234  -12.225   -4.186   -4.054   -3.177   -3.100
   -2.933   -2.898   -1.043   -0.356   -0.165    0.536    0.682    4.341    5.620    6.092
    6.890    8.106    8.605    8.946    9.398    9.446    9.447   10.256   10.406   10.540
            0.278258  0.481957  0.000000
  -56.515  -32.823  -32.382  -32.298  -12.243  -12.234   -4.192   -4.057   -3.164   -3.067
   -2.916   -2.902   -1.058   -0.342   -0.186    0.532    0.704    4.285    5.661    6.082
    6.890    8.084    8.569    8.931    9.360    9.419    9.451   10.233   10.425   10.473
            0.275360  0.476937  0.000000
  -56.516  -32.823  -32.382  -32.295  -12.252  -12.244   -4.196   -4.058   -3.156   -3.039
   -2.902   -2.894   -1.073   -0.326   -0.208    0.528    0.726    4.227    5.705    6.073
    6.891    8.055    8.529    8.923    9.324    9.395    9.451   10.215   10.400   10.448
            0.272461  0.471916  0.000000
  -56.516  -32.823  -32.383  -32.292  -12.262  -12.254   -4.199   -4.057   -3.150   -3.019
   -2.894   -2.869   -1.087   -0.311   -0.230    0.523    0.747    4.166    5.752    6.064
    6.890    8.019    8.487    8.919    9.290    9.372    9.448   10.203   10.334   10.464
            0.269563  0.466896  0.000000
  -56.516  -32.823  -32.383  -32.290  -12.272  -12.264   -4.200   -4.055   -3.147   -3.011
   -2.875   -2.841   -1.101   -0.294   -0.253    0.518    0.768    4.102    5.802    6.056
    6.890    7.976    8.442    8.920    9.258    9.354    9.442   10.197   10.266   10.479
            0.266664  0.461876  0.000000
  -56.516  -32.824  -32.383  -32.287  -12.283  -12.276   -4.200   -4.051   -3.147   -3.011
   -2.847   -2.811   -1.115   -0.278   -0.277    0.514    0.788    4.037    5.854    6.048
    6.889    7.929    8.396    8.922    9.227    9.340    9.434   10.196   10.199   10.491
            0.263765  0.456855  0.000000
  -56.516  -32.824  -32.383  -32.284  -12.294  -12.287   -4.198   -4.046   -3.148   -3.018
   -2.814   -2.779   -1.128   -0.301   -0.261    0.509    0.809    3.969    5.907    6.042
    6.889    7.877    8.347    8.924    9.198    9.331    9.423   10.133   10.199   10.502
            0.260867  0.451835  0.000000
  -56.517  -32.824  -32.384  -32.282  -12.305  -12.300   -4.194   -4.039   -3.151   -3.028
   -2.777   -2.745   -1.141   -0.325   -0.243    0.504    0.828    3.901    5.962    6.036
    6.888    7.821    8.298    8.924    9.168    9.328    9.411   10.069   10.208   10.511
            0.257968  0.446814  0.000000
  -56.517  -32.825  -32.383  -32.279  -12.317  -12.312   -4.189   -4.030   -3.155   -3.040
   -2.739   -2.711   -1.153   -0.351   -0.225    0.499    0.848    3.831    6.018    6.031
    6.888    7.763    8.248    8.921    9.139    9.331    9.397   10.006   10.219   10.517
            0.255070  0.441794  0.000000
  -56.517  -32.825  -32.383  -32.276  -12.330  -12.326   -4.183   -4.020   -3.160   -3.054
   -2.700   -2.676   -1.164   -0.376   -0.207    0.495    0.866    3.760    6.027    6.073
    6.888    7.703    8.197    8.915    9.110    9.338    9.383    9.946   10.234   10.522
            0.252171  0.436774  0.000000
  -56.518  -32.825  -32.383  -32.274  -12.343  -12.339   -4.175   -4.009   -3.165   -3.069
   -2.660   -2.640   -1.175   -0.402   -0.189    0.490    0.885    3.687    6.024    6.128
    6.891    7.641    8.146    8.905    9.080    9.349    9.371    9.891   10.251   10.524
            0.249273  0.431753  0.000000
  -56.518  -32.826  -32.382  -32.271  -12.356  -12.354   -4.166   -3.995   -3.171   -3.084
   -2.620   -2.603   -1.185   -0.429   -0.170    0.485    0.903    3.615    6.022    6.181
    6.895    7.578    8.095    8.892    9.051    9.358    9.360    9.841   10.270   10.524
            0.246374  0.426733  0.000000
  -56.518  -32.826  -32.381  -32.268  -12.370  -12.368   -4.156   -3.981   -3.177   -3.101
   -2.580   -2.566   -1.195   -0.455   -0.152    0.481    0.921    3.541    6.020    6.230
    6.903    7.514    8.045    8.876    9.022    9.345    9.368    9.800   10.289   10.522
            0.243476  0.421713  0.000000
  -56.518  -32.826  -32.380  -32.266  -12.384  -12.383   -4.144   -3.964   -3.184   -3.118
   -2.540   -2.529   -1.204   -0.482   -0.132    0.477    0.937    3.467    6.020    6.275
    6.915    7.449    7.995    8.858    8.993    9.334    9.368    9.772   10.308   10.519
            0.240577  0.416692  0.000000
  -56.519  -32.827  -32.379  -32.263  -12.399  -12.399   -4.131   -3.946   -3.191   -3.136
   -2.499   -2.492   -1.212   -0.510   -0.113    0.473    0.954    3.393    6.020    6.314
    6.932    7.384    7.946    8.840    8.965    9.324    9.356    9.759   10.327   10.513
            0.237679  0.411672  0.000000
  -56.519  -32.827  -32.378  -32.260  -12.415  -12.414   -4.116   -3.927   -3.198   -3.155
   -2.459   -2.454   -1.219   -0.537   -0.094    0.469    0.970    3.318    6.021    6.345
    6.957    7.319    7.898    8.820    8.937    9.315    9.332    9.763   10.345   10.506
            0.234780  0.406651  0.000000
  -56.519  -32.828  -32.377  -32.258  -12.431  -12.430   -4.101   -3.906   -3.205   -3.173
   -2.418   -2.416   -1.225   -0.565   -0.075    0.465    0.985    3.244    6.023    6.368
    6.989    7.254    7.851    8.799    8.911    9.297    9.308    9.781   10.361   10.498
            0.231882  0.401631  0.000000
  -56.520  -32.828  -32.376  -32.255  -12.448  -12.445   -4.085   -3.884   -3.213   -3.192
   -2.378   -2.378   -1.231   -0.592   -0.056    0.462    1.000    3.169    6.025    6.382
    7.028    7.189    7.806    8.779    8.886    9.254    9.302    9.809   10.376   10.487
            0.228983  0.396611  0.000000
  -56.520  -32.828  -32.374  -32.253  -12.465  -12.462   -4.068   -3.860   -3.220   -3.211
   -2.340   -2.338   -1.236   -0.620   -0.037    0.459    1.014    3.094    6.028    6.387
    7.074    7.123    7.762    8.757    8.862    9.206    9.297    9.844   10.387   10.476
            0.226085  0.391590  0.000000
  -56.520  -32.829  -32.373  -32.250  -12.482  -12.478   -4.050   -3.835   -3.230   -3.228
   -2.302   -2.298   -1.241   -0.648   -0.018    0.457    1.027    3.020    6.032    6.384
    7.059    7.125    7.720    8.736    8.840    9.156    9.294    9.884   10.396   10.464
            0.223186  0.386570  0.000000
  -56.521  -32.829  -32.371  -32.248  -12.500  -12.495   -4.031   -3.809   -3.249   -3.236
   -2.263   -2.258   -1.244   -0.675    0.000    0.454    1.040    2.946    6.037    6.376
    6.994    7.178    7.682    8.714    8.820    9.105    9.293    9.927   10.402   10.451
            0.220288  0.381549  0.000000
  -56.521  -32.830  -32.369  -32.245  -12.518  -12.512   -4.012   -3.782   -3.268   -3.243
   -2.225   -2.219   -1.247   -0.703    0.019    0.453    1.053    2.873    6.042    6.361
    6.930    7.231    7.649    8.692    8.802    9.054    9.293    9.971   10.405   10.438
            0.217389  0.376529  0.000000
  -56.522  -32.830  -32.367  -32.243  -12.536  -12.529   -3.993   -3.753   -3.285   -3.251
   -2.187   -2.180   -1.249   -0.730    0.037    0.452    1.064    2.801    6.048    6.342
    6.866    7.279    7.624    8.668    8.786    9.004    9.296   10.014   10.405   10.426
            0.214491  0.371509  0.000000
  -56.522  -32.831  -32.365  -32.240  -12.555  -12.547   -3.975   -3.723   -3.302   -3.258
   -2.148   -2.142   -1.251   -0.756    0.055    0.451    1.075    2.729    6.054    6.320
    6.802    7.315    7.613    8.643    8.772    8.957    9.301   10.056   10.401   10.416
            0.211592  0.366488  0.000000
  -56.522  -32.831  -32.363  -32.238  -12.574  -12.565   -3.957   -3.692   -3.317   -3.266
   -2.110   -2.104   -1.252   -0.782    0.073    0.451    1.085    2.657    6.060    6.294
    6.739    7.331    7.624    8.617    8.759    8.912    9.307   10.093   10.394   10.410
            0.208694  0.361468  0.000000
  -56.523  -32.832  -32.360  -32.235  -12.593  -12.583   -3.939   -3.660   -3.331   -3.273
   -2.072   -2.067   -1.253   -0.808    0.090    0.452    1.094    2.587    6.067    6.265
    6.677    7.326    7.657    8.588    8.749    8.871    9.316   10.123   10.384   10.411
            0.205795  0.356447  0.000000
  -56.523  -32.832  -32.358  -32.233  -12.612  -12.601   -3.924   -3.627   -3.342   -3.279
   -2.034   -2.030   -1.253   -0.832    0.106    0.453    1.103    2.518    6.074    6.234
    6.616    7.306    7.706    8.556    8.742    8.835    9.329   10.142   10.370   10.422
            0.202897  0.351427  0.000000
  -56.524  -32.833  -32.355  -32.231  -12.632  -12.620   -3.911   -3.594   -3.350   -3.285
   -1.996   -1.995   -1.253   -0.856    0.122    0.455    1.110    2.450    6.082    6.202
    6.555    7.277    7.763    8.522    8.736    8.804    9.344   10.149   10.354   10.443
            0.199998  0.346407  0.000000
  -56.524  -32.833  -32.353  -32.228  -12.651  -12.638   -3.900   -3.561   -3.355   -3.289
   -1.960   -1.958   -1.252   -0.878    0.138    0.458    1.116    2.383    6.089    6.168
    6.495    7.243    7.824    8.484    8.733    8.778    9.363   10.146   10.335   10.474
            0.197099  0.341386  0.000000
  -56.524  -32.834  -32.350  -32.226  -12.671  -12.657   -3.893   -3.529   -3.355   -3.291
   -1.927   -1.921   -1.252   -0.898    0.153    0.462    1.121    2.318    6.095    6.132
    6.437    7.207    7.885    8.443    8.731    8.756    9.386   10.134   10.314   10.510
            0.194201  0.336366  0.000000
  -56.525  -32.834  -32.347  -32.224  -12.691  -12.676   -3.890   -3.499   -3.350   -3.291
   -1.895   -1.883   -1.252   -0.916    0.167    0.466    1.125    2.254    6.095    6.101
    6.380    7.169    7.947    8.401    8.731    8.738    9.411   10.116   10.290   10.549
            0.191302  0.331346  0.000000
  -56.525  -32.835  -32.344  -32.221  -12.711  -12.695   -3.891   -3.472   -3.341   -3.285
   -1.865   -1.846   -1.252   -0.933    0.181    0.472    1.127    2.192    6.058    6.105
    6.326    7.131    8.006    8.357    8.724    8.734    9.441   10.094   10.264   10.588
            0.188404  0.326325  0.000000
  -56.526  -32.836  -32.341  -32.219  -12.732  -12.714   -3.896   -3.451   -3.326   -3.273
   -1.836   -1.809   -1.252   -0.947    0.194    0.478    1.128    2.132    6.020    6.104
    6.276    7.092    8.064    8.312    8.714    8.738    9.476   10.069   10.237   10.624
            0.185505  0.321305  0.000000
  -56.526  -32.836  -32.338  -32.217  -12.752  -12.734   -3.905   -3.437   -3.307   -3.252
   -1.810   -1.772   -1.252   -0.958    0.206    0.485    1.127    2.074    5.981    6.095
    6.236    7.052    8.118    8.267    8.707    8.743    9.514   10.041   10.207   10.655
            0.182607  0.316284  0.000000
  -56.527  -32.837  -32.334  -32.215  -12.772  -12.753   -3.918   -3.431   -3.284   -3.224
   -1.786   -1.735   -1.252   -0.966    0.217    0.493    1.125    2.019    5.942    6.072
    6.210    7.013    8.170    8.222    8.701    8.750    9.557   10.012   10.176   10.678
            0.179708  0.311264  0.000000
  -56.527  -32.838  -32.331  -32.213  -12.793  -12.772   -3.934   -3.429   -3.256   -3.189
   -1.766   -1.698   -1.252   -0.971    0.228    0.501    1.120    1.966    5.903    6.034
    6.199    6.974    8.178    8.219    8.698    8.759    9.604    9.982   10.144   10.691
            0.176810  0.306244  0.000000
  -56.528  -32.838  -32.328  -32.210  -12.813  -12.792   -3.953   -3.431   -3.225   -3.150
   -1.749   -1.662   -1.251   -0.973    0.239    0.511    1.113    1.916    5.863    5.987
    6.196    6.935    8.134    8.264    8.697    8.768    9.655    9.951   10.111   10.694
            0.173911  0.301223  0.000000
  -56.528  -32.839  -32.324  -32.208  -12.834  -12.811   -3.974   -3.435   -3.190   -3.107
   -1.735   -1.626   -1.248   -0.973    0.249    0.521    1.103    1.870    5.823    5.937
    6.198    6.896    8.091    8.307    8.699    8.779    9.709    9.919   10.077   10.688
            0.171013  0.296203  0.000000
  -56.529  -32.839  -32.321  -32.206  -12.854  -12.831   -3.997   -3.441   -3.154   -3.062
   -1.726   -1.590   -1.244   -0.969    0.258    0.531    1.090    1.826    5.784    5.885
    6.201    6.857    8.048    8.346    8.702    8.790    9.766    9.886   10.044   10.675
            0.168114  0.291182  0.000000
  -56.529  -32.840  -32.317  -32.204  -12.875  -12.850   -4.021   -3.447   -3.114   -3.015
   -1.722   -1.555   -1.237   -0.964    0.267    0.542    1.075    1.786    5.744    5.833
    6.205    6.819    8.007    8.383    8.707    8.801    9.823    9.852   10.013   10.658
            0.165216  0.286162  0.000000
  -56.529  -32.840  -32.313  -32.202  -12.895  -12.869   -4.047   -3.455   -3.073   -2.967
   -1.721   -1.519   -1.228   -0.956    0.276    0.554    1.057    1.750    5.704    5.780
    6.209    6.781    7.968    8.417    8.714    8.813    9.817    9.871    9.995   10.638
            0.162317  0.281142  0.000000
  -56.530  -32.841  -32.310  -32.200  -12.916  -12.889   -4.074   -3.463   -3.030   -2.917
   -1.725   -1.484   -1.216   -0.946    0.285    0.566    1.035    1.718    5.665    5.728
    6.212    6.743    7.930    8.450    8.723    8.824    9.782    9.882   10.016   10.616
            0.159419  0.276121  0.000000
  -56.530  -32.842  -32.305  -32.198  -12.936  -12.908   -4.101   -3.471   -2.985   -2.866
   -1.733   -1.450   -1.202   -0.934    0.293    0.578    1.011    1.689    5.626    5.676
    6.215    6.706    7.893    8.481    8.734    8.836    9.747    9.858   10.073   10.594
            0.156520  0.271101  0.000000
  -56.531  -32.842  -32.301  -32.196  -12.956  -12.927   -4.130   -3.479   -2.939   -2.814
   -1.744   -1.415   -1.186   -0.921    0.302    0.590    0.984    1.664    5.587    5.624
    6.216    6.669    7.858    8.511    8.746    8.847    9.711    9.824   10.143   10.571
            0.153622  0.266081  0.000000
  -56.531  -32.843  -32.298  -32.194  -12.976  -12.946   -4.159   -3.488   -2.891   -2.761
   -1.759   -1.381   -1.168   -0.907    0.310    0.602    0.955    1.642    5.549    5.573
    6.217    6.633    7.824    8.539    8.760    8.857    9.673    9.785   10.218   10.549
            0.150723  0.261060  0.000000
  -56.532  -32.844  -32.294  -32.193  -12.996  -12.965   -4.188   -3.497   -2.842   -2.707
   -1.775   -1.348   -1.148   -0.892    0.318    0.615    0.923    1.622    5.511    5.522
    6.216    6.597    7.792    8.567    8.775    8.866    9.636    9.745   10.295   10.527
            0.147825  0.256040  0.000000
  -56.532  -32.844  -32.290  -32.191  -13.016  -12.984   -4.218   -3.506   -2.793   -2.652
   -1.793   -1.314   -1.128   -0.876    0.326    0.627    0.890    1.605    5.472    5.473
    6.214    6.562    7.762    8.594    8.792    8.875    9.598    9.703   10.375   10.506
            0.144926  0.251019  0.000000
  -56.533  -32.845  -32.285  -32.189  -13.036  -13.003   -4.247   -3.515   -2.742   -2.596
   -1.814   -1.281   -1.106   -0.859    0.335    0.639    0.856    1.591    5.423    5.436
    6.210    6.527    7.733    8.620    8.810    8.883    9.560    9.661   10.456   10.487
            0.142028  0.245999  0.000000
  -56.533  -32.845  -32.281  -32.187  -13.056  -13.021   -4.277   -3.524   -2.691   -2.540
   -1.835   -1.249   -1.084   -0.841    0.343    0.652    0.820    1.578    5.374    5.399
    6.206    6.492    7.707    8.646    8.830    8.891    9.521    9.618   10.468   10.537
            0.139129  0.240979  0.000000
  -56.534  -32.846  -32.277  -32.186  -13.075  -13.040   -4.308   -3.533   -2.639   -2.483
   -1.857   -1.216   -1.062   -0.823    0.352    0.664    0.784    1.567    5.325    5.363
    6.199    6.459    7.682    8.672    8.852    8.897    9.482    9.575   10.451   10.608
            0.136231  0.235958  0.000000
  -56.534  -32.847  -32.273  -32.184  -13.094  -13.058   -4.338   -3.542   -2.586   -2.426
   -1.880   -1.185   -1.039   -0.804    0.361    0.676    0.747    1.557    5.278    5.328
    6.191    6.425    7.658    8.697    8.875    8.903    9.442    9.531   10.436   10.628
            0.133332  0.230938  0.000000
  -56.535  -32.847  -32.269  -32.182  -13.113  -13.076   -4.368   -3.551   -2.534   -2.368
   -1.903   -1.153   -1.016   -0.785    0.370    0.687    0.710    1.549    5.230    5.293
    6.182    6.393    7.637    8.723    8.898    8.908    9.402    9.488   10.423   10.638
            0.130433  0.225917  0.000000
  -56.535  -32.848  -32.265  -32.181  -13.132  -13.093   -4.398   -3.560   -2.480   -2.310
   -1.926   -1.122   -0.993   -0.766    0.379    0.674    0.699    1.541    5.184    5.258
    6.171    6.361    7.617    8.747    8.913    8.925    9.362    9.444   10.411   10.651
            0.127535  0.220897  0.000000
  -56.536  -32.848  -32.261  -32.179  -13.150  -13.111   -4.428   -3.569   -2.428   -2.251
   -1.949   -1.091   -0.970   -0.746    0.389    0.638    0.710    1.534    5.138    5.224
    6.159    6.329    7.598    8.770    8.919    8.951    9.322    9.401   10.401   10.665
            0.124636  0.215877  0.000000
  -56.536  -32.849  -32.257  -32.177  -13.169  -13.128   -4.457   -3.578   -2.375   -2.192
   -1.971   -1.061   -0.947   -0.727    0.399    0.602    0.721    1.527    5.092    5.191
    6.145    6.298    7.581    8.791    8.925    8.980    9.281    9.357   10.393   10.681
            0.121738  0.210856  0.000000
  -56.536  -32.850  -32.252  -32.176  -13.187  -13.145   -4.487   -3.587   -2.324   -2.132
   -1.991   -1.031   -0.924   -0.707    0.409    0.567    0.732    1.521    5.047    5.159
    6.130    6.268    7.565    8.810    8.933    9.009    9.241    9.315   10.386   10.699
            0.118839  0.205836  0.000000
  -56.537  -32.850  -32.248  -32.174  -13.204  -13.162   -4.516   -3.596   -2.275   -2.072
   -2.009   -1.002   -0.902   -0.687    0.419    0.533    0.742    1.515    5.003    5.127
    6.113    6.239    7.551    8.824    8.943    9.038    9.202    9.273   10.381   10.718
            0.115941  0.200815  0.000000
  -56.537  -32.851  -32.244  -32.173  -13.222  -13.179   -4.545   -3.605   -2.231   -2.022
   -2.013   -0.973   -0.880   -0.667    0.430    0.500    0.752    1.509    4.960    5.096
    6.096    6.210    7.537    8.833    8.955    9.064    9.167    9.234   10.378   10.738
            0.113042  0.195795  0.000000
  -56.538  -32.851  -32.240  -32.172  -13.239  -13.195   -4.574   -3.614   -2.198   -2.023
   -1.953   -0.945   -0.858   -0.647    0.440    0.467    0.762    1.503    4.916    5.065
    6.077    6.182    7.525    8.837    8.967    9.072    9.151    9.199   10.377   10.758
            0.110144  0.190775  0.000000
  -56.538  -32.852  -32.236  -32.170  -13.256  -13.211   -4.602   -3.622   -2.182   -2.007
   -1.892   -0.917   -0.837   -0.627    0.436    0.452    0.771    1.497    4.874    5.035
    6.058    6.154    7.513    8.838    8.974    9.048    9.168    9.173   10.378   10.779
            0.107245  0.185754  0.000000
  -56.539  -32.852  -32.232  -32.169  -13.272  -13.227   -4.630   -3.631   -2.184   -1.973
   -1.832   -0.890   -0.817   -0.608    0.406    0.463    0.780    1.491    4.832    5.006
    6.037    6.127    7.503    8.835    8.971    9.011    9.160    9.200   10.380   10.799
            0.104347  0.180734  0.000000
  -56.539  -32.853  -32.228  -32.167  -13.289  -13.242   -4.658   -3.639   -2.196   -1.929
   -1.772   -0.863   -0.798   -0.588    0.378    0.475    0.789    1.485    4.791    4.977
    6.016    6.101    7.493    8.829    8.955    8.969    9.163    9.236   10.383   10.818
            0.101448  0.175714  0.000000
  -56.540  -32.854  -32.224  -32.166  -13.305  -13.257   -4.685   -3.647   -2.213   -1.880
   -1.713   -0.837   -0.779   -0.568    0.350    0.486    0.797    1.480    4.750    4.950
    5.994    6.075    7.483    8.819    8.926    8.928    9.179    9.275   10.389   10.835
            0.098550  0.170693  0.000000
  -56.540  -32.854  -32.220  -32.165  -13.320  -13.272   -4.712   -3.656   -2.232   -1.828
   -1.653   -0.811   -0.761   -0.548    0.324    0.499    0.805    1.473    4.710    4.923
    5.971    6.050    7.474    8.806    8.882    8.898    9.204    9.315   10.396   10.850
            0.095651  0.165673  0.000000
  -56.540  -32.855  -32.216  -32.164  -13.335  -13.286   -4.738   -3.664   -2.252   -1.775
   -1.593   -0.786   -0.744   -0.527    0.299    0.511    0.813    1.467    4.671    4.896
    5.949    6.026    7.466    8.786    8.838    8.870    9.235    9.357   10.404   10.862
            0.092753  0.160652  0.000000
  -56.541  -32.855  -32.212  -32.162  -13.350  -13.300   -4.764   -3.672   -2.273   -1.722
   -1.534   -0.762   -0.729   -0.507    0.276    0.524    0.820    1.461    4.632    4.871
    5.925    6.002    7.458    8.757    8.793    8.847    9.268    9.400   10.413   10.870
            0.089854  0.155632  0.000000
  -56.541  -32.856  -32.208  -32.161  -13.365  -13.314   -4.789   -3.679   -2.294   -1.668
   -1.476   -0.738   -0.714   -0.487    0.254    0.537    0.827    1.454    4.594    4.846
    5.902    5.980    7.450    8.721    8.748    8.830    9.304    9.444   10.424   10.873
            0.086956  0.150612  0.000000
  -56.542  -32.856  -32.205  -32.160  -13.379  -13.327   -4.814   -3.687   -2.314   -1.615
   -1.418   -0.715   -0.701   -0.466    0.234    0.550    0.833    1.447    4.556    4.822
    5.878    5.957    7.442    8.680    8.703    8.816    9.340    9.489   10.436   10.870
            0.084057  0.145591  0.000000
  -56.542  -32.857  -32.201  -32.159  -13.392  -13.340   -4.838   -3.694   -2.335   -1.562
   -1.360   -0.692   -0.689   -0.445    0.215    0.564    0.839    1.440    4.519    4.799
    5.855    5.936    7.434    8.636    8.658    8.804    9.378    9.534   10.449   10.862
            0.081159  0.140571  0.000000
  -56.542  -32.857  -32.198  -32.158  -13.406  -13.353   -4.861   -3.701   -2.355   -1.509
   -1.303   -0.679   -0.671   -0.423    0.198    0.578    0.845    1.432    4.483    4.776
    5.831    5.915    7.427    8.592    8.612    8.793    9.418    9.581   10.462   10.848
            0.078260  0.135550  0.000000
  -56.543  -32.858  -32.194  -32.157  -13.418  -13.365   -4.884   -3.708   -2.374   -1.457
   -1.247   -0.670   -0.649   -0.401    0.182    0.592    0.850    1.425    4.447    4.754
    5.808    5.895    7.420    8.547    8.568    8.782    9.457    9.628   10.477   10.829
            0.075362  0.130530  0.000000
  -56.543  -32.858  -32.191  -32.157  -13.431  -13.377   -4.906   -3.715   -2.394   -1.406
   -1.192   -0.662   -0.629   -0.380    0.168    0.606    0.855    1.417    4.413    4.733
    5.785    5.876    7.413    8.501    8.523    8.772    9.497    9.675   10.492   10.806
            0.072463  0.125510  0.000000
  -56.544  -32.859  -32.188  -32.156  -13.443  -13.388   -4.927   -3.722   -2.412   -1.356
   -1.138   -0.656   -0.609   -0.357    0.155    0.621    0.860    1.409    4.378    4.713
    5.762    5.857    7.405    8.456    8.478    8.761    9.538    9.724   10.507   10.779
            0.069565  0.120489  0.000000
  -56.544  -32.859  -32.185  -32.155  -13.455  -13.399   -4.948   -3.728   -2.430   -1.307
   -1.084   -0.651   -0.590   -0.335    0.144    0.635    0.864    1.400    4.345    4.693
    5.740    5.839    7.398    8.410    8.434    8.751    9.579    9.771   10.523   10.750
            0.066666  0.115469  0.000000
  -56.544  -32.859  -32.181  -32.154  -13.466  -13.410   -4.968   -3.735   -2.448   -1.259
   -1.032   -0.647   -0.572   -0.312    0.133    0.650    0.868    1.391    4.312    4.675
    5.718    5.822    7.391    8.366    8.391    8.742    9.621    9.821   10.539   10.720
            0.063767  0.110449  0.000000
  -56.544  -32.860  -32.178  -32.153  -13.477  -13.420   -4.988   -3.741   -2.465   -1.213
   -0.981   -0.645   -0.554   -0.289    0.125    0.665    0.871    1.382    4.281    4.657
    5.696    5.806    7.384    8.322    8.348    8.732    9.662    9.870   10.555   10.689
            0.060869  0.105428  0.000000
  -56.545  -32.860  -32.176  -32.152  -13.487  -13.430   -5.006   -3.746   -2.481   -1.168
   -0.932   -0.643   -0.537   -0.266    0.117    0.680    0.875    1.373    4.250    4.640
    5.675    5.790    7.377    8.278    8.306    8.723    9.703    9.919   10.571   10.657
            0.057970  0.100408  0.000000
  -56.545  -32.861  -32.173  -32.152  -13.497  -13.439   -5.024   -3.752   -2.497   -1.124
   -0.884   -0.642   -0.521   -0.242    0.110    0.695    0.878    1.364    4.220    4.623
    5.655    5.775    7.371    8.235    8.265    8.714    9.745    9.968   10.586   10.625
            0.055072  0.095387  0.000000
  -56.545  -32.861  -32.170  -32.151  -13.506  -13.448   -5.041   -3.757   -2.512   -1.082
   -0.837   -0.643   -0.506   -0.219    0.104    0.710    0.880    1.355    4.191    4.608
    5.635    5.761    7.364    8.194    8.225    8.705    9.785   10.017   10.594   10.602
            0.052173  0.090367  0.000000
  -56.546  -32.861  -32.167  -32.150  -13.515  -13.457   -5.058   -3.762   -2.526   -1.042
   -0.792   -0.643   -0.491   -0.196    0.100    0.725    0.883    1.345    4.162    4.593
    5.616    5.747    7.357    8.153    8.186    8.696    9.826   10.065   10.563   10.616
            0.049275  0.085347  0.000000
  -56.546  -32.861  -32.165  -32.150  -13.524  -13.465   -5.073   -3.767   -2.539   -1.004
   -0.749   -0.645   -0.477   -0.173    0.096    0.740    0.885    1.335    4.135    4.579
    5.598    5.735    7.351    8.115    8.150    8.688    9.866   10.112   10.534   10.631
            0.046376  0.080326  0.000000
  -56.546  -32.862  -32.163  -32.149  -13.532  -13.472   -5.088   -3.772   -2.552   -0.967
   -0.708   -0.646   -0.464   -0.150    0.092    0.754    0.887    1.326    4.109    4.566
    5.580    5.722    7.344    8.077    8.114    8.680    9.905   10.159   10.506   10.644
            0.043478  0.075306  0.000000
  -56.546  -32.862  -32.160  -32.149  -13.539  -13.480   -5.102   -3.776   -2.564   -0.933
   -0.668   -0.649   -0.452   -0.127    0.090    0.768    0.888    1.316    4.084    4.553
    5.564    5.711    7.338    8.041    8.079    8.673    9.943   10.204   10.480   10.657
            0.040579  0.070285  0.000000
  -56.546  -32.862  -32.159  -32.148  -13.546  -13.486   -5.115   -3.780   -2.576   -0.900
   -0.651   -0.631   -0.441   -0.105    0.088    0.782    0.889    1.306    4.060    4.542
    5.548    5.700    7.332    8.006    8.046    8.666    9.979   10.248   10.454   10.670
            0.037681  0.065265  0.000000
  -56.547  -32.862  -32.157  -32.148  -13.553  -13.493   -5.127   -3.784   -2.586   -0.870
   -0.654   -0.595   -0.430   -0.083    0.086    0.796    0.890    1.296    4.038    4.531
    5.533    5.690    7.326    7.973    8.015    8.659   10.015   10.291   10.430   10.681
            0.034782  0.060245  0.000000
  -56.547  -32.863  -32.155  -32.147  -13.559  -13.498   -5.138   -3.787   -2.596   -0.842
   -0.657   -0.562   -0.420   -0.062    0.085    0.809    0.891    1.287    4.016    4.521
    5.519    5.681    7.321    7.943    7.986    8.653   10.050   10.332   10.408   10.692
            0.031884  0.055224  0.000000
  -56.547  -32.863  -32.153  -32.147  -13.565  -13.504   -5.149   -3.791   -2.606   -0.816
   -0.660   -0.531   -0.411   -0.042    0.084    0.821    0.892    1.278    3.997    4.511
    5.506    5.673    7.315    7.914    7.959    8.647   10.083   10.372   10.386   10.701
            0.028985  0.050204  0.000000
  -56.547  -32.863  -32.152  -32.146  -13.570  -13.509   -5.159   -3.794   -2.614   -0.792
   -0.663   -0.503   -0.403   -0.023    0.083    0.832    0.893    1.269    3.978    4.503
    5.494    5.665    7.310    7.887    7.934    8.641   10.113   10.366   10.408   10.702
            0.026087  0.045183  0.000000
  -56.547  -32.863  -32.151  -32.146  -13.575  -13.513   -5.167   -3.796   -2.621   -0.770
   -0.665   -0.477   -0.395   -0.004    0.083    0.843    0.893    1.260    3.961    4.495
    5.484    5.658    7.306    7.862    7.910    8.637   10.142   10.349   10.442   10.683
            0.023188  0.040163  0.000000
  -56.548  -32.864  -32.149  -32.146  -13.579  -13.517   -5.175   -3.799   -2.628   -0.751
   -0.668   -0.454   -0.389    0.012    0.082    0.853    0.893    1.252    3.946    4.488
    5.474    5.652    7.301    7.840    7.890    8.632   10.168   10.334   10.473   10.666
            0.020290  0.035143  0.000000
  -56.548  -32.864  -32.148  -32.145  -13.583  -13.521   -5.182   -3.801   -2.634   -0.734
   -0.670   -0.433   -0.383    0.028    0.082    0.862    0.893    1.245    3.932    4.482
    5.465    5.646    7.298    7.821    7.871    8.628   10.192   10.320   10.502   10.651
            0.017391  0.030122  0.000000
  -56.548  -32.864  -32.147  -32.145  -13.586  -13.524   -5.188   -3.803   -2.639   -0.719
   -0.672   -0.415   -0.378    0.042    0.082    0.870    0.894    1.238    3.920    4.477
    5.458    5.642    7.294    7.803    7.855    8.625   10.214   10.308   10.528   10.639
            0.014493  0.025102  0.000000
  -56.548  -32.864  -32.147  -32.145  -13.589  -13.526   -5.193   -3.804   -2.644   -0.707
   -0.674   -0.399   -0.373    0.054    0.082    0.877    0.894    1.233    3.910    4.473
    5.451    5.638    7.291    7.788    7.842    8.622   10.232   10.298   10.550   10.628
            0.011594  0.020082  0.000000
  -56.548  -32.864  -32.146  -32.145  -13.591  -13.528   -5.197   -3.806   -2.648   -0.697
   -0.676   -0.386   -0.370    0.064    0.082    0.883    0.894    1.228    3.901    4.469
    5.446    5.634    7.289    7.776    7.831    8.619   10.247   10.290   10.569   10.619
            0.008696  0.015061  0.000000
  -56.548  -32.864  -32.145  -32.145  -13.593  -13.530   -5.201   -3.807   -2.650   -0.689
   -0.677   -0.376   -0.367    0.072    0.082    0.888    0.894    1.224    3.895    4.466
    5.442    5.632    7.287    7.767    7.822    8.618   10.259   10.283   10.584   10.612
            0.005797  0.010041  0.000000
  -56.548  -32.864  -32.145  -32.145  -13.594  -13.531   -5.203   -3.807   -2.652   -0.683
   -0.678   -0.369   -0.365    0.077    0.082    0.891    0.894    1.221    3.890    4.464
    5.439    5.630    7.285    7.760    7.816    8.616   10.268   10.279   10.595   10.608
            0.002899  0.005020  0.000000
  -56.548  -32.864  -32.145  -32.145  -13.595  -13.532   -5.204   -3.808   -2.654   -0.680
   -0.679   -0.365   -0.364    0.081    0.082    0.893    0.894    1.219    3.887    4.463
    5.437    5.629    7.284    7.756    7.812    8.615   10.273   10.276   10.602   10.605
            0.000000  0.000000  0.000000
  -56.548  -32.864  -32.145  -32.145  -13.595  -13.532   -5.205   -3.808   -2.654   -0.679
   -0.679   -0.364   -0.364    0.082    0.082    0.894    0.894    1.219    3.886    4.463
    5.436    5.628    7.284    7.755    7.811    8.615   10.275   10.275   10.604   10.604
