 &plot nbnd=  30, nks=   274 /
            0.000000  0.000000  0.000000
  -56.963  -33.119  -32.718  -32.718  -13.564  -13.498   -5.421   -3.787   -2.956   -1.214
   -1.214   -0.404   -0.404   -0.061   -0.061    0.553    0.553    1.053    3.830    4.463
    5.383    5.630    7.281    7.755    7.809    8.616   10.267   10.267   10.605   10.605
            0.000000  0.005774  0.000000
  -56.963  -33.119  -32.718  -32.718  -13.564  -13.498   -5.420   -3.787   -2.955   -1.215
   -1.214   -0.405   -0.404   -0.063   -0.061    0.552    0.553    1.054    3.831    4.463
    5.384    5.631    7.281    7.756    7.810    8.617   10.265   10.268   10.603   10.606
            0.000000  0.011547  0.000000
  -56.963  -33.119  -32.718  -32.718  -13.563  -13.497   -5.419   -3.786   -2.954   -1.217
   -1.212   -0.409   -0.406   -0.068   -0.062    0.550    0.553    1.055    3.834    4.464
    5.386    5.632    7.282    7.760    7.814    8.617   10.260   10.271   10.597   10.609
            0.000000  0.017321  0.000000
  -56.963  -33.119  -32.718  -32.718  -13.562  -13.496   -5.417   -3.786   -2.953   -1.220
   -1.211   -0.416   -0.408   -0.076   -0.063    0.546    0.553    1.058    3.839    4.466
    5.388    5.634    7.283    7.767    7.820    8.619   10.251   10.275   10.585   10.614
            0.000000  0.023094  0.000000
  -56.963  -33.119  -32.719  -32.718  -13.560  -13.494   -5.413   -3.785   -2.950   -1.225
   -1.208   -0.425   -0.411   -0.087   -0.065    0.541    0.553    1.063    3.846    4.469
    5.392    5.636    7.285    7.776    7.829    8.621   10.239   10.281   10.571   10.620
            0.000000  0.028868  0.000000
  -56.963  -33.119  -32.720  -32.718  -13.558  -13.492   -5.409   -3.784   -2.947   -1.230
   -1.204   -0.436   -0.414   -0.102   -0.067    0.534    0.553    1.068    3.854    4.473
    5.397    5.639    7.287    7.788    7.841    8.623   10.223   10.289   10.552   10.629
            0.000000  0.034641  0.000000
  -56.963  -33.119  -32.720  -32.718  -13.555  -13.489   -5.403   -3.782   -2.943   -1.238
   -1.200   -0.451   -0.419   -0.119   -0.069    0.527    0.553    1.074    3.864    4.477
    5.403    5.644    7.290    7.803    7.855    8.626   10.205   10.299   10.530   10.639
            0.000000  0.040415  0.000000
  -56.963  -33.118  -32.721  -32.719  -13.552  -13.486   -5.397   -3.781   -2.938   -1.246
   -1.195   -0.467   -0.424   -0.139   -0.072    0.518    0.553    1.081    3.876    4.482
    5.410    5.648    7.293    7.820    7.871    8.629   10.183   10.311   10.504   10.652
            0.000000  0.046188  0.000000
  -56.963  -33.118  -32.722  -32.719  -13.548  -13.483   -5.389   -3.779   -2.933   -1.256
   -1.189   -0.487   -0.430   -0.161   -0.075    0.508    0.554    1.089    3.890    4.488
    5.418    5.654    7.297    7.840    7.890    8.633   10.158   10.324   10.476   10.666
            0.000000  0.051962  0.000000
  -56.963  -33.118  -32.724  -32.719  -13.544  -13.479   -5.381   -3.777   -2.926   -1.267
   -1.183   -0.509   -0.437   -0.186   -0.079    0.497    0.554    1.097    3.905    4.495
    5.427    5.660    7.301    7.862    7.911    8.637   10.132   10.339   10.445   10.682
            0.000000  0.057735  0.000000
  -56.963  -33.118  -32.725  -32.720  -13.539  -13.474   -5.372   -3.774   -2.920   -1.280
   -1.175   -0.533   -0.444   -0.213   -0.083    0.485    0.554    1.106    3.922    4.503
    5.437    5.667    7.305    7.886    7.934    8.642   10.103   10.356   10.411   10.700
            0.000000  0.063509  0.000000
  -56.962  -33.118  -32.727  -32.720  -13.534  -13.469   -5.361   -3.772   -2.912   -1.294
   -1.167   -0.560   -0.452   -0.242   -0.087    0.472    0.554    1.115    3.941    4.511
    5.449    5.675    7.310    7.912    7.960    8.648   10.072   10.374   10.375   10.706
            0.000000  0.069282  0.000000
  -56.962  -33.117  -32.728  -32.720  -13.528  -13.464   -5.350   -3.769   -2.904   -1.309
   -1.158   -0.589   -0.461   -0.273   -0.092    0.458    0.555    1.124    3.961    4.520
    5.461    5.683    7.315    7.941    7.987    8.653   10.041   10.337   10.395   10.696
            0.000000  0.075056  0.000000
  -56.962  -33.117  -32.730  -32.721  -13.522  -13.458   -5.338   -3.766   -2.895   -1.325
   -1.149   -0.620   -0.470   -0.305   -0.097    0.444    0.555    1.134    3.982    4.530
    5.474    5.692    7.320    7.971    8.016    8.660   10.007   10.298   10.417   10.686
            0.000000  0.080829  0.000000
  -56.962  -33.117  -32.732  -32.721  -13.516  -13.452   -5.325   -3.762   -2.885   -1.343
   -1.139   -0.654   -0.481   -0.339   -0.102    0.429    0.555    1.144    4.004    4.541
    5.487    5.702    7.326    8.003    8.047    8.666    9.972   10.258   10.441   10.674
            0.000000  0.086603  0.000000
  -56.961  -33.117  -32.734  -32.722  -13.508  -13.445   -5.311   -3.759   -2.875   -1.362
   -1.128   -0.690   -0.491   -0.373   -0.107    0.414    0.555    1.154    4.028    4.553
    5.502    5.713    7.331    8.036    8.079    8.673    9.936   10.216   10.466   10.662
            0.000000  0.092376  0.000000
  -56.961  -33.117  -32.736  -32.722  -13.501  -13.438   -5.296   -3.755   -2.864   -1.383
   -1.117   -0.729   -0.503   -0.409   -0.113    0.398    0.555    1.163    4.053    4.565
    5.518    5.724    7.337    8.071    8.112    8.680    9.899   10.174   10.492   10.648
            0.000000  0.098150  0.000000
  -56.961  -33.116  -32.738  -32.723  -13.493  -13.431   -5.280   -3.751   -2.853   -1.405
   -1.105   -0.769   -0.515   -0.446   -0.119    0.381    0.555    1.173    4.080    4.578
    5.534    5.736    7.344    8.107    8.147    8.688    9.863   10.133   10.520   10.635
            0.000000  0.103923  0.000000
  -56.961  -33.116  -32.741  -32.723  -13.484  -13.423   -5.264   -3.747   -2.841   -1.429
   -1.092   -0.811   -0.527   -0.484   -0.124    0.364    0.555    1.182    4.107    4.592
    5.551    5.749    7.350    8.143    8.182    8.696    9.827   10.090   10.551   10.620
            0.000000  0.109697  0.000000
  -56.960  -33.116  -32.743  -32.724  -13.475  -13.414   -5.246   -3.743   -2.828   -1.454
   -1.079   -0.856   -0.540   -0.521   -0.130    0.347    0.555    1.192    4.135    4.607
    5.569    5.762    7.356    8.179    8.218    8.704    9.790   10.048   10.581   10.605
            0.000000  0.115470  0.000000
  -56.960  -33.115  -32.746  -32.724  -13.466  -13.405   -5.228   -3.738   -2.814   -1.481
   -1.066   -0.902   -0.559   -0.553   -0.136    0.330    0.554    1.201    4.164    4.622
    5.587    5.776    7.363    8.216    8.254    8.712    9.755   10.009   10.589   10.612
            0.000000  0.121244  0.000000
  -56.960  -33.115  -32.749  -32.725  -13.456  -13.396   -5.209   -3.733   -2.801   -1.509
   -1.052   -0.950   -0.598   -0.567   -0.142    0.313    0.554    1.209    4.195    4.639
    5.606    5.791    7.370    8.253    8.289    8.721    9.721    9.970   10.573   10.645
            0.000000  0.127017  0.000000
  -56.960  -33.115  -32.752  -32.726  -13.446  -13.386   -5.189   -3.729   -2.786   -1.539
   -1.038   -1.000   -0.636   -0.582   -0.148    0.296    0.553    1.218    4.226    4.656
    5.626    5.807    7.377    8.288    8.323    8.729    9.690    9.934   10.556   10.679
            0.000000  0.132791  0.000000
  -56.959  -33.114  -32.755  -32.727  -13.435  -13.376   -5.168   -3.723   -2.771   -1.570
   -1.051   -1.024   -0.674   -0.596   -0.154    0.278    0.553    1.226    4.258    4.674
    5.646    5.823    7.384    8.322    8.356    8.738    9.660    9.901   10.540   10.713
            0.000000  0.138564  0.000000
  -56.959  -33.114  -32.758  -32.728  -13.424  -13.366   -5.147   -3.718   -2.756   -1.603
   -1.104   -1.009   -0.711   -0.612   -0.159    0.260    0.552    1.234    4.290    4.692
    5.666    5.840    7.391    8.353    8.386    8.747    9.635    9.871   10.523   10.749
            0.000000  0.144338  0.000000
  -56.959  -33.113  -32.761  -32.728  -13.412  -13.355   -5.125   -3.713   -2.740   -1.638
   -1.158   -0.994   -0.748   -0.627   -0.165    0.243    0.551    1.242    4.324    4.712
    5.687    5.858    7.398    8.382    8.414    8.756    9.613    9.846   10.507   10.786
            0.000000  0.150111  0.000000
  -56.958  -33.113  -32.765  -32.729  -13.400  -13.343   -5.102   -3.707   -2.724   -1.674
   -1.213   -0.979   -0.784   -0.643   -0.169    0.225    0.550    1.249    4.358    4.732
    5.708    5.876    7.405    8.406    8.439    8.765    9.595    9.825   10.491   10.823
            0.000000  0.155885  0.000000
  -56.958  -33.112  -32.768  -32.730  -13.388  -13.331   -5.078   -3.701   -2.707   -1.711
   -1.269   -0.964   -0.819   -0.659   -0.173    0.208    0.549    1.256    4.393    4.753
    5.729    5.895    7.413    8.426    8.459    8.775    9.581    9.810   10.476   10.859
            0.000000  0.161658  0.000000
  -56.958  -33.112  -32.772  -32.731  -13.375  -13.319   -5.054   -3.696   -2.690   -1.751
   -1.327   -0.950   -0.853   -0.675   -0.177    0.191    0.547    1.262    4.428    4.774
    5.751    5.915    7.420    8.441    8.474    8.784    9.574    9.800   10.461   10.896
            0.000000  0.167432  0.000000
  -56.957  -33.111  -32.776  -32.732  -13.362  -13.307   -5.029   -3.690   -2.673   -1.792
   -1.386   -0.935   -0.886   -0.692   -0.180    0.173    0.545    1.268    4.464    4.797
    5.772    5.936    7.428    8.449    8.484    8.794    9.573    9.797   10.447   10.933
            0.000000  0.173205  0.000000
  -56.957  -33.111  -32.779  -32.733  -13.348  -13.294   -5.004   -3.683   -2.656   -1.834
   -1.445   -0.921   -0.918   -0.709   -0.182    0.156    0.544    1.274    4.501    4.820
    5.793    5.957    7.435    8.451    8.488    8.804    9.578    9.802   10.434   10.969
            0.000000  0.178979  0.000000
  -56.956  -33.110  -32.783  -32.734  -13.334  -13.281   -4.978   -3.677   -2.639   -1.877
   -1.506   -0.948   -0.907   -0.726   -0.183    0.139    0.542    1.280    4.539    4.844
    5.814    5.978    7.443    8.446    8.486    8.814    9.589    9.812   10.422   11.003
            0.000000  0.184752  0.000000
  -56.956  -33.110  -32.787  -32.734  -13.320  -13.267   -4.951   -3.671   -2.621   -1.922
   -1.567   -0.976   -0.894   -0.743   -0.182    0.122    0.540    1.285    4.576    4.869
    5.835    6.001    7.451    8.436    8.479    8.824    9.606    9.829   10.412   11.037
            0.000000  0.190526  0.000000
  -56.956  -33.109  -32.791  -32.735  -13.305  -13.253   -4.924   -3.665   -2.604   -1.968
   -1.629   -1.003   -0.882   -0.761   -0.181    0.105    0.538    1.289    4.615    4.894
    5.856    6.024    7.460    8.420    8.466    8.834    9.628    9.853   10.404   11.069
            0.000000  0.196299  0.000000
  -56.955  -33.109  -32.795  -32.736  -13.290  -13.239   -4.896   -3.658   -2.588   -2.016
   -1.691   -1.029   -0.871   -0.778   -0.177    0.089    0.535    1.294    4.654    4.920
    5.876    6.048    7.468    8.399    8.448    8.842    9.655    9.882   10.398   11.031
            0.000000  0.202073  0.000000
  -56.955  -33.108  -32.799  -32.737  -13.274  -13.224   -4.868   -3.652   -2.571   -2.064
   -1.754   -1.052   -0.860   -0.796   -0.173    0.072    0.533    1.298    4.693    4.947
    5.895    6.072    7.477    8.373    8.425    8.850    9.684    9.915   10.395   10.991
            0.000000  0.207846  0.000000
  -56.954  -33.108  -32.804  -32.738  -13.259  -13.209   -4.840   -3.645   -2.556   -2.112
   -1.817   -1.074   -0.851   -0.814   -0.166    0.056    0.530    1.301    4.733    4.974
    5.914    6.097    7.487    8.344    8.398    8.857    9.716    9.951   10.395   10.954
            0.000000  0.213620  0.000000
  -56.954  -33.107  -32.808  -32.739  -13.242  -13.194   -4.811   -3.639   -2.542   -2.161
   -1.881   -1.093   -0.843   -0.832   -0.158    0.041    0.528    1.305    4.774    5.002
    5.932    6.123    7.497    8.311    8.368    8.861    9.749    9.991   10.398   10.920
            0.000000  0.219393  0.000000
  -56.953  -33.107  -32.812  -32.740  -13.226  -13.178   -4.782   -3.632   -2.529   -2.209
   -1.944   -1.111   -0.850   -0.837   -0.148    0.025    0.525    1.308    4.815    5.031
    5.949    6.149    7.507    8.276    8.335    8.865    9.782   10.031   10.406   10.890
            0.000000  0.225167  0.000000
  -56.953  -33.106  -32.817  -32.741  -13.209  -13.163   -4.753   -3.626   -2.520   -2.256
   -2.008   -1.126   -0.868   -0.832   -0.136    0.010    0.522    1.310    4.856    5.061
    5.965    6.176    7.519    8.240    8.300    8.866    9.816   10.070   10.420   10.865
            0.000000  0.230940  0.000000
  -56.953  -33.106  -32.821  -32.742  -13.192  -13.146   -4.723   -3.619   -2.515   -2.299
   -2.073   -1.139   -0.886   -0.828   -0.122   -0.005    0.519    1.313    4.898    5.091
    5.979    6.203    7.531    8.201    8.262    8.866    9.847   10.108   10.440   10.845
            0.000000  0.236714  0.000000
  -56.952  -33.105  -32.825  -32.744  -13.175  -13.130   -4.693   -3.613   -2.518   -2.336
   -2.137   -1.149   -0.904   -0.826   -0.107   -0.020    0.515    1.315    4.940    5.122
    5.993    6.231    7.544    8.161    8.224    8.863    9.876   10.142   10.467   10.832
            0.000000  0.242487  0.000000
  -56.952  -33.104  -32.830  -32.745  -13.157  -13.113   -4.663   -3.606   -2.533   -2.361
   -2.201   -1.157   -0.922   -0.825   -0.089   -0.034    0.512    1.316    4.982    5.153
    6.005    6.259    7.558    8.120    8.185    8.858    9.902   10.173   10.502   10.825
            0.000000  0.248261  0.000000
  -56.951  -33.104  -32.835  -32.746  -13.139  -13.096   -4.633   -3.600   -2.563   -2.374
   -2.265   -1.163   -0.940   -0.826   -0.069   -0.048    0.508    1.318    5.025    5.185
    6.015    6.288    7.573    8.079    8.144    8.850    9.924   10.200   10.544   10.825
            0.000000  0.254034  0.000000
  -56.951  -33.103  -32.839  -32.747  -13.121  -13.079   -4.603   -3.594   -2.603   -2.377
   -2.329   -1.165   -0.958   -0.827   -0.062   -0.048    0.505    1.319    5.068    5.218
    6.024    6.317    7.589    8.037    8.104    8.839    9.943   10.225   10.592   10.831
            0.000000  0.259808  0.000000
  -56.950  -33.103  -32.844  -32.748  -13.103  -13.062   -4.573   -3.588   -2.650   -2.392
   -2.375   -1.165   -0.976   -0.830   -0.075   -0.024    0.501    1.320    5.112    5.251
    6.032    6.346    7.606    7.994    8.063    8.825    9.958   10.247   10.644   10.842
            0.000000  0.265581  0.000000
  -56.950  -33.102  -32.848  -32.749  -13.084  -13.044   -4.543   -3.582   -2.701   -2.455
   -2.372   -1.163   -0.994   -0.834   -0.088    0.000    0.497    1.320    5.155    5.284
    6.038    6.376    7.624    7.952    8.023    8.807    9.971   10.267   10.700   10.859
            0.000000  0.271355  0.000000
  -56.949  -33.101  -32.853  -32.750  -13.065  -13.027   -4.513   -3.577   -2.753   -2.518
   -2.367   -1.157   -1.012   -0.839   -0.101    0.026    0.493    1.321    5.199    5.318
    6.043    6.406    7.642    7.910    7.985    8.787    9.982   10.288   10.759   10.879
            0.000000  0.277128  0.000000
  -56.949  -33.101  -32.857  -32.751  -13.046  -13.009   -4.484   -3.572   -2.806   -2.580
   -2.362   -1.148   -1.030   -0.845   -0.113    0.054    0.489    1.321    5.242    5.353
    6.046    6.436    7.659    7.868    7.948    8.764    9.991   10.309   10.818   10.903
            0.000000  0.282902  0.000000
  -56.948  -33.100  -32.862  -32.752  -13.027  -12.990   -4.455   -3.567   -2.859   -2.642
   -2.359   -1.137   -1.047   -0.851   -0.125    0.083    0.485    1.321    5.285    5.387
    6.048    6.466    7.674    7.826    7.915    8.737    9.999   10.329   10.878   10.928
            0.000000  0.288675  0.000000
  -56.948  -33.099  -32.867  -32.754  -13.008  -12.972   -4.426   -3.563   -2.913   -2.702
   -2.356   -1.123   -1.065   -0.859   -0.137    0.113    0.481    1.321    5.328    5.422
    6.049    6.496    7.684    7.786    7.890    8.708   10.007   10.351   10.937   10.949
            0.000000  0.294449  0.000000
  -56.947  -33.099  -32.872  -32.755  -12.988  -12.954   -4.398   -3.559   -2.967   -2.762
   -2.353   -1.107   -1.082   -0.867   -0.148    0.144    0.477    1.321    5.371    5.458
    6.049    6.526    7.684    7.746    7.876    8.675   10.015   10.374   10.909   10.975
            0.000000  0.300222  0.000000
  -56.947  -33.098  -32.876  -32.756  -12.968  -12.935   -4.370   -3.556   -3.020   -2.820
   -2.352   -1.099   -1.087   -0.875   -0.158    0.176    0.473    1.321    5.412    5.493
    6.049    6.556    7.672    7.707    7.877    8.640   10.023   10.398   10.868   10.997
            0.000000  0.305996  0.000000
  -56.946  -33.098  -32.881  -32.757  -12.949  -12.917   -4.344   -3.555   -3.072   -2.878
   -2.352   -1.116   -1.066   -0.884   -0.169    0.208    0.468    1.320    5.452    5.529
    6.048    6.585    7.649    7.669    7.891    8.603   10.031   10.422   10.825   11.014
            0.000000  0.311769  0.000000
  -56.946  -33.097  -32.886  -32.758  -12.929  -12.898   -4.318   -3.554   -3.124   -2.933
   -2.352   -1.133   -1.042   -0.893   -0.179    0.242    0.464    1.320    5.491    5.564
    6.048    6.613    7.619    7.634    7.915    8.563   10.040   10.448   10.781   11.029
            0.000000  0.317543  0.000000
  -56.945  -33.097  -32.890  -32.759  -12.909  -12.879   -4.293   -3.555   -3.174   -2.987
   -2.353   -1.150   -1.015   -0.903   -0.188    0.277    0.460    1.320    5.527    5.599
    6.050    6.640    7.585    7.600    7.944    8.523   10.050   10.475   10.737   11.039
            0.000000  0.323316  0.000000
  -56.945  -33.096  -32.895  -32.760  -12.889  -12.860   -4.270   -3.557   -3.223   -3.038
   -2.355   -1.166   -0.987   -0.913   -0.197    0.312    0.455    1.320    5.560    5.634
    6.053    6.666    7.550    7.568    7.978    8.480   10.060   10.504   10.691   11.044
            0.000000  0.329090  0.000000
  -56.944  -33.095  -32.899  -32.762  -12.869  -12.841   -4.249   -3.562   -3.271   -3.086
   -2.358   -1.182   -0.957   -0.923   -0.206    0.347    0.451    1.320    5.588    5.668
    6.060    6.691    7.514    7.539    8.015    8.437   10.069   10.533   10.645   11.044
            0.000000  0.334863  0.000000
  -56.944  -33.095  -32.904  -32.763  -12.849  -12.822   -4.229   -3.571   -3.317   -3.131
   -2.360   -1.198   -0.933   -0.925   -0.214    0.383    0.446    1.320    5.612    5.701
    6.071    6.713    7.477    7.514    8.054    8.393   10.079   10.563   10.597   11.040
            0.000000  0.340637  0.000000
  -56.944  -33.094  -32.908  -32.764  -12.829  -12.803   -4.211   -3.582   -3.360   -3.171
   -2.364   -1.214   -0.944   -0.891   -0.222    0.420    0.442    1.321    5.630    5.734
    6.087    6.734    7.441    7.491    8.095    8.349   10.088   10.551   10.594   11.032
            0.000000  0.346410  0.000000
  -56.943  -33.094  -32.913  -32.765  -12.809  -12.785   -4.197   -3.599   -3.401   -3.206
   -2.367   -1.229   -0.954   -0.856   -0.230    0.437    0.456    1.322    5.642    5.765
    6.108    6.751    7.405    7.473    8.138    8.304   10.095   10.502   10.625   11.020
            0.000000  0.352184  0.000000
  -56.943  -33.093  -32.917  -32.766  -12.789  -12.766   -4.185   -3.620   -3.439   -3.236
   -2.370   -1.245   -0.965   -0.820   -0.237    0.433    0.493    1.323    5.648    5.794
    6.135    6.767    7.370    7.459    8.183    8.261   10.102   10.455   10.657   11.006
            0.000000  0.357957  0.000000
  -56.942  -33.092  -32.921  -32.767  -12.769  -12.747   -4.176   -3.645   -3.473   -3.260
   -2.374   -1.260   -0.975   -0.782   -0.243    0.429    0.531    1.325    5.648    5.820
    6.167    6.779    7.336    7.450    8.218    8.230   10.106   10.407   10.690   10.991
            0.000000  0.363731  0.000000
  -56.942  -33.092  -32.926  -32.768  -12.749  -12.728   -4.172   -3.676   -3.503   -3.279
   -2.377   -1.274   -0.986   -0.744   -0.249    0.424    0.568    1.327    5.644    5.844
    6.203    6.790    7.303    7.444    8.177    8.278   10.108   10.359   10.722   10.975
            0.000000  0.369504  0.000000
  -56.941  -33.091  -32.930  -32.769  -12.729  -12.710   -4.172   -3.710   -3.529   -3.293
   -2.381   -1.289   -0.996   -0.705   -0.255    0.420    0.606    1.330    5.635    5.865
    6.243    6.799    7.271    7.442    8.139    8.328   10.106   10.311   10.754   10.959
            0.000000  0.375278  0.000000
  -56.941  -33.091  -32.934  -32.770  -12.710  -12.691   -4.177   -3.748   -3.550   -3.303
   -2.384   -1.303   -1.007   -0.666   -0.261    0.415    0.644    1.334    5.624    5.881
    6.285    6.806    7.240    7.443    8.103    8.379   10.101   10.263   10.784   10.945
            0.000000  0.381051  0.000000
  -56.940  -33.090  -32.938  -32.771  -12.690  -12.673   -4.186   -3.788   -3.567   -3.310
   -2.386   -1.316   -1.017   -0.626   -0.266    0.411    0.681    1.339    5.610    5.893
    6.329    6.814    7.211    7.446    8.070    8.431   10.092   10.215   10.812   10.932
            0.000000  0.386825  0.000000
  -56.940  -33.090  -32.942  -32.772  -12.671  -12.655   -4.200   -3.829   -3.579   -3.315
   -2.388   -1.330   -1.027   -0.586   -0.271    0.407    0.719    1.345    5.593    5.900
    6.375    6.823    7.184    7.450    8.043    8.484   10.078   10.168   10.837   10.923
            0.000000  0.392598  0.000000
  -56.940  -33.089  -32.946  -32.773  -12.652  -12.637   -4.218   -3.871   -3.587   -3.318
   -2.390   -1.343   -1.038   -0.547   -0.275    0.403    0.756    1.352    5.576    5.900
    6.421    6.833    7.160    7.453    8.021    8.538   10.061   10.121   10.857   10.917
            0.000000  0.398372  0.000000
  -56.939  -33.088  -32.950  -32.774  -12.633  -12.619   -4.239   -3.914   -3.591   -3.319
   -2.391   -1.356   -1.047   -0.507   -0.279    0.399    0.793    1.360    5.557    5.895
    6.467    6.846    7.138    7.454    8.006    8.593   10.039   10.074   10.871   10.915
            0.000000  0.404145  0.000000
  -56.939  -33.088  -32.953  -32.775  -12.614  -12.601   -4.264   -3.957   -3.592   -3.320
   -2.392   -1.368   -1.057   -0.468   -0.282    0.395    0.830    1.369    5.537    5.884
    6.511    6.862    7.119    7.452    7.999    8.650   10.013   10.028   10.876   10.916
            0.000000  0.409919  0.000000
  -56.938  -33.087  -32.957  -32.776  -12.596  -12.584   -4.291   -3.999   -3.590   -3.319
   -2.392   -1.380   -1.067   -0.430   -0.286    0.391    0.867    1.380    5.517    5.866
    6.554    6.881    7.105    7.446    7.999    8.707    9.982    9.983   10.870   10.919
            0.000000  0.415692  0.000000
  -56.938  -33.087  -32.960  -32.777  -12.578  -12.567   -4.320   -4.041   -3.587   -3.318
   -2.391   -1.392   -1.076   -0.392   -0.289    0.387    0.903    1.392    5.496    5.842
    6.593    6.903    7.096    7.437    8.007    8.764    9.937    9.950   10.853   10.925
            0.000000  0.421466  0.000000
  -56.938  -33.086  -32.964  -32.778  -12.560  -12.551   -4.350   -4.083   -3.582   -3.317
   -2.390   -1.403   -1.085   -0.356   -0.292    0.383    0.939    1.407    5.474    5.813
    6.626    6.928    7.094    7.424    8.023    8.823    9.893    9.915   10.825   10.932
            0.000000  0.427239  0.000000
  -56.937  -33.086  -32.967  -32.778  -12.543  -12.534   -4.381   -4.123   -3.576   -3.315
   -2.388   -1.414   -1.094   -0.320   -0.294    0.379    0.974    1.422    5.453    5.779
    6.654    6.956    7.101    7.409    8.045    8.882    9.849    9.878   10.787   10.940
            0.000000  0.433013  0.000000
  -56.937  -33.086  -32.971  -32.779  -12.526  -12.518   -4.413   -4.163   -3.570   -3.313
   -2.386   -1.425   -1.103   -0.296   -0.286    0.376    1.008    1.440    5.432    5.740
    6.673    6.984    7.118    7.393    8.073    8.942    9.806    9.839   10.742   10.949
            0.000000  0.438786  0.000000
  -56.936  -33.085  -32.974  -32.780  -12.509  -12.503   -4.445   -4.202   -3.563   -3.311
   -2.383   -1.435   -1.111   -0.298   -0.254    0.372    1.042    1.460    5.411    5.698
    6.685    7.012    7.144    7.379    8.105    9.002    9.764    9.799   10.689   10.956
            0.000000  0.444560  0.000000
  -56.936  -33.085  -32.977  -32.781  -12.493  -12.488   -4.476   -4.239   -3.556   -3.309
   -2.379   -1.445   -1.119   -0.300   -0.223    0.369    1.075    1.481    5.390    5.652
    6.690    7.039    7.179    7.367    8.141    9.062    9.722    9.759   10.632   10.961
            0.000000  0.450333  0.000000
  -56.936  -33.084  -32.980  -32.782  -12.478  -12.473   -4.507   -4.276   -3.549   -3.307
   -2.375   -1.455   -1.127   -0.302   -0.194    0.365    1.107    1.505    5.369    5.603
    6.689    7.062    7.221    7.361    8.180    9.123    9.682    9.718   10.571   10.962
            0.000000  0.456107  0.000000
  -56.936  -33.084  -32.983  -32.782  -12.462  -12.459   -4.538   -4.311   -3.543   -3.305
   -2.370   -1.464   -1.135   -0.303   -0.166    0.362    1.139    1.531    5.349    5.552
    6.683    7.078    7.270    7.363    8.221    9.184    9.643    9.677   10.508   10.957
            0.000000  0.461880  0.000000
  -56.935  -33.084  -32.985  -32.783  -12.448  -12.445   -4.567   -4.345   -3.536   -3.302
   -2.365   -1.473   -1.142   -0.304   -0.141    0.359    1.169    1.558    5.329    5.499
    6.675    7.086    7.323    7.376    8.265    9.244    9.605    9.636   10.443   10.945
            0.000000  0.467654  0.000000
  -56.935  -33.083  -32.988  -32.784  -12.434  -12.432   -4.596   -4.377   -3.530   -3.300
   -2.360   -1.481   -1.149   -0.305   -0.117    0.356    1.199    1.587    5.310    5.444
    6.665    7.087    7.379    7.398    8.309    9.303    9.569    9.596   10.377   10.924
            0.000000  0.473427  0.000000
  -56.935  -33.083  -32.991  -32.784  -12.420  -12.419   -4.624   -4.408   -3.524   -3.298
   -2.354   -1.489   -1.156   -0.305   -0.095    0.353    1.227    1.618    5.292    5.389
    6.654    7.080    7.428    7.438    8.355    9.362    9.534    9.557   10.312   10.892
            0.000000  0.479201  0.000000
  -56.934  -33.082  -32.993  -32.785  -12.407  -12.407   -4.651   -4.438   -3.519   -3.296
   -2.348   -1.496   -1.162   -0.306   -0.076    0.351    1.255    1.650    5.274    5.333
    6.642    7.069    7.465    7.500    8.401    9.417    9.500    9.519   10.248   10.849
            0.000000  0.484974  0.000000
  -56.934  -33.082  -32.995  -32.785  -12.395  -12.395   -4.677   -4.466   -3.514   -3.294
   -2.341   -1.504   -1.168   -0.306   -0.058    0.348    1.281    1.684    5.258    5.276
    6.630    7.056    7.506    7.563    8.447    9.467    9.469    9.483   10.187   10.797
            0.000000  0.490748  0.000000
  -56.934  -33.082  -32.997  -32.786  -12.384  -12.383   -4.701   -4.493   -3.510   -3.292
   -2.335   -1.510   -1.174   -0.307   -0.041    0.346    1.306    1.719    5.220    5.241
    6.618    7.041    7.549    7.628    8.493    9.437    9.448    9.515   10.132   10.738
            0.000000  0.496521  0.000000
  -56.934  -33.081  -32.999  -32.786  -12.373  -12.372   -4.724   -4.518   -3.506   -3.290
   -2.328   -1.517   -1.179   -0.307   -0.027    0.343    1.330    1.754    5.164    5.226
    6.606    7.026    7.595    7.693    8.538    9.407    9.415    9.550   10.088   10.673
            0.000000  0.502295  0.000000
  -56.933  -33.081  -33.001  -32.787  -12.364  -12.361   -4.746   -4.541   -3.502   -3.288
   -2.322   -1.522   -1.184   -0.307   -0.014    0.341    1.353    1.790    5.109    5.212
    6.595    7.010    7.642    7.760    8.582    9.380    9.385    9.569   10.059   10.605
            0.000000  0.508068  0.000000
  -56.933  -33.081  -33.003  -32.787  -12.355  -12.351   -4.766   -4.563   -3.499   -3.287
   -2.316   -1.528   -1.188   -0.307   -0.003    0.339    1.374    1.825    5.056    5.198
    6.584    6.995    7.689    7.827    8.623    9.354    9.359    9.568   10.051   10.535
            0.000000  0.513842  0.000000
  -56.933  -33.081  -33.004  -32.788  -12.346  -12.342   -4.785   -4.583   -3.496   -3.285
   -2.310   -1.533   -1.193   -0.307    0.007    0.337    1.393    1.860    5.004    5.186
    6.574    6.981    7.736    7.895    8.660    9.330    9.338    9.545   10.064   10.464
            0.000000  0.519615  0.000000
  -56.933  -33.081  -33.006  -32.788  -12.338  -12.334   -4.803   -4.602   -3.493   -3.284
   -2.304   -1.537   -1.197   -0.307    0.016    0.336    1.411    1.895    4.954    5.174
    6.565    6.968    7.782    7.964    8.694    9.308    9.322    9.504   10.095   10.393
            0.000000  0.525389  0.000000
  -56.933  -33.080  -33.007  -32.788  -12.331  -12.326   -4.819   -4.619   -3.491   -3.282
   -2.298   -1.542   -1.200   -0.307    0.023    0.334    1.427    1.928    4.908    5.163
    6.556    6.955    7.828    8.032    8.721    9.288    9.313    9.452   10.138   10.323
            0.000000  0.531162  0.000000
  -56.933  -33.080  -33.008  -32.789  -12.325  -12.320   -4.833   -4.634   -3.489   -3.281
   -2.293   -1.545   -1.203   -0.307    0.030    0.333    1.442    1.959    4.864    5.154
    6.548    6.944    7.872    8.101    8.742    9.270    9.312    9.394   10.188   10.253
            0.000000  0.536936  0.000000
  -56.933  -33.080  -33.010  -32.789  -12.319  -12.313   -4.845   -4.647   -3.488   -3.280
   -2.289   -1.549   -1.206   -0.307    0.035    0.332    1.455    1.989    4.824    5.145
    6.541    6.934    7.914    8.168    8.755    9.253    9.320    9.331   10.186   10.242
            0.000000  0.542709  0.000000
  -56.933  -33.080  -33.011  -32.789  -12.314  -12.308   -4.856   -4.659   -3.486   -3.279
   -2.285   -1.551   -1.209   -0.307    0.039    0.331    1.467    2.015    4.788    5.138
    6.535    6.925    7.953    8.235    8.761    9.239    9.267    9.335   10.121   10.298
            0.000000  0.548483  0.000000
  -56.932  -33.080  -33.011  -32.789  -12.310  -12.304   -4.866   -4.669   -3.485   -3.279
   -2.281   -1.554   -1.211   -0.307    0.043    0.330    1.476    2.039    4.757    5.132
    6.530    6.918    7.988    8.300    8.762    9.203    9.227    9.358   10.059   10.353
            0.000000  0.554256  0.000000
  -56.932  -33.080  -33.012  -32.790  -12.306  -12.300   -4.873   -4.677   -3.484   -3.278
   -2.278   -1.556   -1.212   -0.307    0.046    0.329    1.485    2.058    4.731    5.126
    6.526    6.911    8.019    8.361    8.759    9.142    9.218    9.385   10.002   10.406
            0.000000  0.560030  0.000000
  -56.932  -33.080  -33.012  -32.790  -12.304  -12.297   -4.879   -4.683   -3.484   -3.278
   -2.276   -1.557   -1.214   -0.307    0.048    0.328    1.491    2.074    4.710    5.122
    6.523    6.907    8.045    8.417    8.753    9.086    9.210    9.413    9.952   10.454
            0.000000  0.565803  0.000000
  -56.932  -33.080  -33.013  -32.790  -12.302  -12.295   -4.884   -4.688   -3.483   -3.277
   -2.274   -1.559   -1.215   -0.307    0.049    0.328    1.496    2.086    4.695    5.119
    6.520    6.903    8.064    8.464    8.748    9.039    9.205    9.439    9.911   10.493
            0.000000  0.571577  0.000000
  -56.932  -33.080  -33.013  -32.790  -12.301  -12.294   -4.886   -4.691   -3.483   -3.277
   -2.273   -1.559   -1.215   -0.307    0.050    0.328    1.499    2.093    4.685    5.118
    6.519    6.901    8.076    8.496    8.744    9.007    9.201    9.458    9.883   10.520
            0.000000  0.577350  0.000000
  -56.932  -33.080  -33.013  -32.790  -12.300  -12.293   -4.887   -4.691   -3.483   -3.277
   -2.273   -1.559   -1.215   -0.307    0.051    0.328    1.499    2.095    4.682    5.118
    6.519    6.900    8.080    8.508    8.742    8.995    9.200    9.465    9.873   10.530
            0.005747  0.577350  0.000000
  -56.932  -33.080  -33.013  -32.790  -12.300  -12.293   -4.887   -4.691   -3.482   -3.277
   -2.273   -1.561   -1.217   -0.306    0.051    0.327    1.494    2.102    4.682    5.118
    6.521    6.902    8.080    8.508    8.742    8.995    9.198    9.466    9.874   10.530
            0.011494  0.577350  0.000000
  -56.932  -33.080  -33.013  -32.790  -12.300  -12.293   -4.886   -4.690   -3.481   -3.276
   -2.272   -1.565   -1.222   -0.306    0.051    0.326    1.477    2.120    4.682    5.120
    6.527    6.907    8.081    8.510    8.740    8.996    9.193    9.468    9.878   10.531
            0.017241  0.577350  0.000000
  -56.932  -33.080  -33.013  -32.790  -12.299  -12.292   -4.884   -4.689   -3.479   -3.276
   -2.271   -1.572   -1.229   -0.306    0.052    0.323    1.451    2.149    4.682    5.124
    6.537    6.916    8.082    8.512    8.736    8.997    9.184    9.471    9.883   10.533
            0.022988  0.577350  0.000000
  -56.932  -33.080  -33.013  -32.791  -12.298  -12.292   -4.882   -4.687   -3.476   -3.275
   -2.270   -1.582   -1.240   -0.305    0.053    0.320    1.418    2.186    4.681    5.129
    6.550    6.929    8.084    8.516    8.731    8.998    9.173    9.475    9.890   10.536
            0.028735  0.577350  0.000000
  -56.932  -33.080  -33.012  -32.791  -12.297  -12.291   -4.878   -4.684   -3.472   -3.273
   -2.269   -1.595   -1.254   -0.304    0.055    0.316    1.380    2.229    4.681    5.135
    6.568    6.945    8.086    8.520    8.723    9.000    9.159    9.479    9.899   10.540
            0.034482  0.577350  0.000000
  -56.932  -33.080  -33.012  -32.792  -12.296  -12.289   -4.874   -4.681   -3.468   -3.272
   -2.268   -1.610   -1.270   -0.303    0.057    0.311    1.339    2.276    4.680    5.143
    6.590    6.964    8.089    8.525    8.714    9.002    9.145    9.485    9.909   10.544
            0.040229  0.577350  0.000000
  -56.932  -33.080  -33.012  -32.793  -12.295  -12.288   -4.870   -4.677   -3.463   -3.270
   -2.266   -1.628   -1.290   -0.302    0.059    0.305    1.295    2.328    4.679    5.152
    6.615    6.987    8.092    8.532    8.701    9.005    9.131    9.492    9.920   10.549
            0.045977  0.577349  0.000000
  -56.932  -33.080  -33.011  -32.794  -12.293  -12.286   -4.865   -4.672   -3.457   -3.268
   -2.264   -1.649   -1.311   -0.302    0.061    0.299    1.249    2.382    4.679    5.163
    6.644    7.013    8.095    8.539    8.686    9.008    9.117    9.499    9.933   10.555
            0.051724  0.577349  0.000000
  -56.932  -33.080  -33.011  -32.795  -12.291  -12.284   -4.859   -4.667   -3.450   -3.266
   -2.262   -1.671   -1.335   -0.301    0.063    0.293    1.203    2.438    4.678    5.174
    6.677    7.043    8.099    8.547    8.667    9.011    9.105    9.507    9.946   10.562
            0.057471  0.577349  0.000000
  -56.932  -33.080  -33.010  -32.796  -12.289  -12.282   -4.852   -4.661   -3.442   -3.263
   -2.260   -1.696   -1.361   -0.301    0.065    0.286    1.156    2.496    4.677    5.187
    6.714    7.075    8.102    8.556    8.645    9.015    9.095    9.516    9.960   10.569
            0.063218  0.577349  0.000000
  -56.932  -33.080  -33.009  -32.797  -12.287  -12.280   -4.845   -4.655   -3.434   -3.260
   -2.258   -1.723   -1.389   -0.302    0.066    0.279    1.109    2.555    4.675    5.201
    6.754    7.111    8.106    8.566    8.619    9.019    9.088    9.525    9.975   10.577
            0.068965  0.577349  0.000000
  -56.932  -33.079  -33.009  -32.798  -12.285  -12.278   -4.837   -4.648   -3.425   -3.257
   -2.256   -1.753   -1.418   -0.303    0.068    0.272    1.062    2.616    4.674    5.216
    6.797    7.149    8.110    8.577    8.591    9.022    9.083    9.535    9.991   10.584
            0.074712  0.577349  0.000000
  -56.932  -33.079  -33.008  -32.800  -12.282  -12.275   -4.828   -4.641   -3.415   -3.254
   -2.254   -1.784   -1.449   -0.306    0.069    0.266    1.015    2.677    4.672    5.233
    6.843    7.190    8.113    8.560    8.589    9.026    9.081    9.546   10.007   10.592
            0.080459  0.577349  0.000000
  -56.932  -33.079  -33.007  -32.801  -12.280  -12.272   -4.818   -4.632   -3.405   -3.250
   -2.253   -1.817   -1.481   -0.308    0.070    0.259    0.969    2.739    4.670    5.250
    6.893    7.233    8.115    8.528    8.602    9.031    9.082    9.558   10.024   10.598
            0.086206  0.577349  0.000000
  -56.932  -33.079  -33.006  -32.803  -12.277  -12.269   -4.808   -4.624   -3.394   -3.246
   -2.252   -1.852   -1.514   -0.313    0.070    0.253    0.923    2.801    4.668    5.269
    6.946    7.278    8.116    8.496    8.615    9.035    9.085    9.570   10.041   10.602
            0.091953  0.577349  0.000000
  -56.932  -33.079  -33.005  -32.805  -12.273  -12.266   -4.798   -4.615   -3.383   -3.242
   -2.252   -1.888   -1.546   -0.317    0.070    0.247    0.878    2.864    4.666    5.288
    7.001    7.324    8.114    8.466    8.630    9.038    9.090    9.583   10.059   10.600
            0.097700  0.577349  0.000000
  -56.932  -33.079  -33.004  -32.807  -12.270  -12.262   -4.786   -4.605   -3.371   -3.238
   -2.253   -1.926   -1.579   -0.324    0.069    0.242    0.833    2.928    4.663    5.308
    7.059    7.371    8.109    8.438    8.645    9.042    9.097    9.597   10.077   10.587
            0.103447  0.577348  0.000000
  -56.931  -33.079  -33.003  -32.809  -12.267  -12.259   -4.774   -4.594   -3.359   -3.234
   -2.256   -1.965   -1.611   -0.331    0.068    0.237    0.790    2.991    4.661    5.329
    7.120    7.419    8.101    8.415    8.660    9.046    9.107    9.612   10.096   10.558
            0.109194  0.577348  0.000000
  -56.931  -33.079  -33.002  -32.811  -12.263  -12.255   -4.761   -4.583   -3.346   -3.229
   -2.260   -2.005   -1.642   -0.340    0.065    0.233    0.748    3.055    4.658    5.351
    7.184    7.466    8.088    8.399    8.676    9.049    9.118    9.627   10.115   10.513
            0.114941  0.577348  0.000000
  -56.931  -33.079  -33.001  -32.813  -12.259  -12.251   -4.748   -4.572   -3.333   -3.224
   -2.267   -2.047   -1.671   -0.349    0.062    0.230    0.707    3.119    4.655    5.374
    7.249    7.510    8.071    8.390    8.693    9.051    9.130    9.644   10.134   10.459
            0.120688  0.577348  0.000000
  -56.931  -33.079  -33.000  -32.815  -12.256  -12.247   -4.734   -4.559   -3.319   -3.220
   -2.276   -2.089   -1.698   -0.360    0.058    0.228    0.667    3.183    4.651    5.397
    7.317    7.550    8.053    8.389    8.710    9.053    9.145    9.661   10.155   10.400
            0.126436  0.577348  0.000000
  -56.931  -33.079  -32.999  -32.818  -12.252  -12.243   -4.719   -4.547   -3.305   -3.214
   -2.289   -2.133   -1.722   -0.372    0.053    0.226    0.629    3.247    4.648    5.421
    7.386    7.583    8.037    8.393    8.728    9.054    9.160    9.678   10.175   10.342
            0.132183  0.577348  0.000000
  -56.931  -33.078  -32.997  -32.820  -12.247  -12.239   -4.704   -4.533   -3.291   -3.209
   -2.305   -2.177   -1.742   -0.385    0.046    0.225    0.592    3.311    4.645    5.445
    7.456    7.605    8.028    8.404    8.745    9.055    9.177    9.697   10.197   10.285
            0.137930  0.577348  0.000000
  -56.931  -33.078  -32.996  -32.823  -12.243  -12.234   -4.688   -4.520   -3.277   -3.204
   -2.325   -2.222   -1.758   -0.399    0.038    0.225    0.557    3.374    4.641    5.471
    7.529    7.612    8.030    8.421    8.761    9.055    9.196    9.716   10.218   10.230
            0.143677  0.577348  0.000000
  -56.931  -33.078  -32.995  -32.826  -12.239  -12.230   -4.672   -4.505   -3.262   -3.199
   -2.350   -2.268   -1.771   -0.414    0.029    0.225    0.524    3.438    4.638    5.497
    7.602    7.604    8.043    8.443    8.777    9.055    9.216    9.736   10.177   10.241
            0.149424  0.577348  0.000000
  -56.931  -33.078  -32.993  -32.828  -12.234  -12.225   -4.654   -4.490   -3.248   -3.193
   -2.378   -2.315   -1.778   -0.430    0.019    0.227    0.492    3.501    4.634    5.523
    7.582    7.677    8.067    8.470    8.791    9.056    9.237    9.757   10.129   10.264
            0.155171  0.577348  0.000000
  -56.931  -33.078  -32.991  -32.831  -12.230  -12.221   -4.637   -4.475   -3.233   -3.188
   -2.411   -2.362   -1.782   -0.446    0.007    0.228    0.462    3.563    4.631    5.549
    7.549    7.753    8.098    8.502    8.802    9.058    9.260    9.779   10.084   10.287
            0.160918  0.577347  0.000000
  -56.930  -33.078  -32.990  -32.834  -12.225  -12.216   -4.618   -4.459   -3.218   -3.182
   -2.446   -2.409   -1.782   -0.463   -0.007    0.230    0.435    3.624    4.628    5.576
    7.509    7.828    8.132    8.538    8.809    9.062    9.284    9.801   10.044   10.311
            0.166665  0.577347  0.000000
  -56.930  -33.077  -32.988  -32.836  -12.221  -12.211   -4.599   -4.442   -3.204   -3.177
   -2.485   -2.456   -1.779   -0.480   -0.022    0.233    0.409    3.685    4.625    5.604
    7.465    7.904    8.167    8.579    8.811    9.070    9.310    9.824   10.009   10.336
            0.172412  0.577347  0.000000
  -56.930  -33.077  -32.987  -32.839  -12.216  -12.206   -4.580   -4.425   -3.189   -3.171
   -2.526   -2.504   -1.773   -0.497   -0.038    0.236    0.385    3.745    4.623    5.631
    7.417    7.978    8.202    8.625    8.808    9.082    9.337    9.848    9.979   10.361
            0.178159  0.577347  0.000000
  -56.930  -33.077  -32.985  -32.842  -12.211  -12.201   -4.560   -4.407   -3.175   -3.166
   -2.569   -2.552   -1.764   -0.515   -0.056    0.239    0.363    3.803    4.621    5.659
    7.367    8.051    8.235    8.674    8.800    9.098    9.367    9.872    9.953   10.387
            0.183906  0.577347  0.000000
  -56.930  -33.077  -32.983  -32.845  -12.207  -12.196   -4.539   -4.389   -3.161   -3.160
   -2.613   -2.600   -1.753   -0.533   -0.075    0.243    0.343    3.860    4.621    5.687
    7.316    8.121    8.266    8.725    8.789    9.119    9.398    9.897    9.931   10.413
            0.189653  0.577347  0.000000
  -56.930  -33.077  -32.981  -32.848  -12.202  -12.192   -4.518   -4.370   -3.155   -3.147
   -2.659   -2.648   -1.740   -0.551   -0.095    0.247    0.325    3.915    4.621    5.716
    7.265    8.188    8.296    8.776    8.779    9.144    9.431    9.915    9.923   10.440
            0.195400  0.577347  0.000000
  -56.930  -33.077  -32.980  -32.851  -12.197  -12.187   -4.496   -4.351   -3.150   -3.134
   -2.706   -2.695   -1.725   -0.568   -0.115    0.251    0.308    3.968    4.623    5.744
    7.213    8.248    8.325    8.764    8.832    9.172    9.467    9.902    9.950   10.468
            0.201147  0.577347  0.000000
  -56.930  -33.077  -32.978  -32.854  -12.192  -12.182   -4.474   -4.331   -3.145   -3.121
   -2.754   -2.742   -1.708   -0.586   -0.137    0.255    0.292    4.018    4.627    5.772
    7.162    8.298    8.353    8.757    8.885    9.204    9.505    9.892    9.977   10.496
            0.206894  0.577347  0.000000
  -56.930  -33.076  -32.976  -32.858  -12.188  -12.177   -4.451   -4.311   -3.141   -3.109
   -2.802   -2.789   -1.691   -0.603   -0.158    0.259    0.278    4.065    4.634    5.801
    7.111    8.334    8.379    8.760    8.937    9.237    9.545    9.886   10.005   10.525
            0.212642  0.577347  0.000000
  -56.929  -33.076  -32.974  -32.861  -12.183  -12.172   -4.428   -4.291   -3.137   -3.097
   -2.849   -2.835   -1.672   -0.621   -0.180    0.263    0.264    4.107    4.644    5.829
    7.060    8.354    8.405    8.777    8.986    9.274    9.588    9.882   10.033   10.555
            0.218389  0.577346  0.000000
  -56.929  -33.076  -32.972  -32.864  -12.179  -12.167   -4.404   -4.270   -3.134   -3.086
   -2.897   -2.880   -1.653   -0.637   -0.202    0.251    0.267    4.146    4.657    5.856
    7.010    8.357    8.431    8.807    9.031    9.312    9.633    9.880   10.062   10.585
            0.224136  0.577346  0.000000
  -56.929  -33.076  -32.970  -32.867  -12.174  -12.163   -4.379   -4.248   -3.132   -3.077
   -2.943   -2.923   -1.632   -0.654   -0.224    0.239    0.271    4.179    4.674    5.884
    6.961    8.345    8.456    8.849    9.073    9.353    9.679    9.880   10.091   10.616
            0.229883  0.577346  0.000000
  -56.929  -33.076  -32.968  -32.870  -12.170  -12.158   -4.355   -4.226   -3.133   -3.072
   -2.986   -2.964   -1.611   -0.669   -0.245    0.228    0.276    4.208    4.695    5.911
    6.913    8.324    8.481    8.898    9.110    9.396    9.726    9.882   10.122   10.648
            0.235630  0.577346  0.000000
  -56.929  -33.076  -32.966  -32.874  -12.165  -12.154   -4.329   -4.204   -3.137   -3.080
   -3.015   -3.000   -1.590   -0.685   -0.265    0.217    0.280    4.231    4.720    5.937
    6.866    8.296    8.506    8.950    9.143    9.441    9.773    9.884   10.153   10.681
            0.241377  0.577346  0.000000
  -56.929  -33.076  -32.963  -32.877  -12.161  -12.149   -4.304   -4.181   -3.148   -3.111
   -3.029   -3.023   -1.569   -0.699   -0.285    0.206    0.284    4.250    4.749    5.963
    6.820    8.265    8.531    9.005    9.170    9.487    9.819    9.887   10.185   10.715
            0.247124  0.577346  0.000000
  -56.929  -33.075  -32.961  -32.880  -12.157  -12.145   -4.278   -4.158   -3.169   -3.152
   -3.048   -3.019   -1.548   -0.713   -0.304    0.196    0.287    4.264    4.781    5.988
    6.775    8.231    8.556    9.059    9.193    9.534    9.863    9.891   10.219   10.750
            0.252871  0.577346  0.000000
  -56.929  -33.075  -32.959  -32.883  -12.153  -12.141   -4.251   -4.134   -3.198   -3.197
   -3.058   -3.013   -1.526   -0.727   -0.321    0.186    0.291    4.274    4.815    6.013
    6.732    8.197    8.581    9.112    9.210    9.582    9.894    9.905   10.254   10.786
            0.258618  0.577346  0.000000
  -56.929  -33.075  -32.957  -32.887  -12.149  -12.137   -4.225   -4.111   -3.241   -3.233
   -3.062   -3.006   -1.506   -0.739   -0.338    0.176    0.294    4.281    4.851    6.036
    6.691    8.163    8.605    9.164    9.223    9.630    9.896    9.942   10.291   10.824
            0.264365  0.577346  0.000000
  -56.929  -33.075  -32.954  -32.890  -12.146  -12.133   -4.198   -4.087   -3.286   -3.269
   -3.063   -2.999   -1.486   -0.751   -0.353    0.167    0.298    4.286    4.887    6.058
    6.652    8.130    8.630    9.215    9.230    9.677    9.898    9.976   10.329   10.862
            0.270112  0.577346  0.000000
  -56.929  -33.075  -32.952  -32.893  -12.142  -12.130   -4.170   -4.063   -3.329   -3.307
   -3.063   -2.993   -1.466   -0.762   -0.367    0.158    0.301    4.289    4.922    6.079
    6.614    8.098    8.655    9.233    9.265    9.723    9.898   10.006   10.370   10.899
            0.275859  0.577345  0.000000
  -56.929  -33.075  -32.950  -32.896  -12.139  -12.126   -4.143   -4.039   -3.372   -3.344
   -3.062   -2.987   -1.448   -0.772   -0.380    0.149    0.304    4.291    4.957    6.099
    6.579    8.068    8.679    9.231    9.313    9.767    9.897   10.033   10.412   10.928
            0.281606  0.577345  0.000000
  -56.928  -33.075  -32.947  -32.899  -12.136  -12.123   -4.116   -4.015   -3.413   -3.380
   -3.061   -2.981   -1.431   -0.781   -0.390    0.141    0.307    4.292    4.991    6.117
    6.546    8.040    8.703    9.225    9.360    9.808    9.895   10.057   10.455   10.948
            0.287353  0.577345  0.000000
  -56.928  -33.075  -32.945  -32.902  -12.134  -12.120   -4.089   -3.991   -3.453   -3.416
   -3.059   -2.976   -1.415   -0.790   -0.400    0.133    0.309    4.293    5.023    6.134
    6.516    8.015    8.727    9.215    9.405    9.846    9.891   10.080   10.499   10.965
            0.293101  0.577345  0.000000
  -56.928  -33.075  -32.942  -32.905  -12.131  -12.118   -4.062   -3.967   -3.492   -3.450
   -3.058   -2.972   -1.401   -0.797   -0.407    0.126    0.311    4.293    5.051    6.148
    6.489    7.992    8.750    9.203    9.449    9.875    9.888   10.101   10.544   10.982
            0.298848  0.577345  0.000000
  -56.928  -33.075  -32.940  -32.908  -12.129  -12.116   -4.036   -3.945   -3.528   -3.481
   -3.056   -2.968   -1.388   -0.803   -0.413    0.119    0.313    4.293    5.077    6.161
    6.465    7.971    8.773    9.188    9.491    9.873    9.910   10.120   10.589   10.996
            0.304595  0.577345  0.000000
  -56.928  -33.075  -32.937  -32.911  -12.127  -12.114   -4.011   -3.923   -3.562   -3.511
   -3.055   -2.965   -1.377   -0.809   -0.418    0.113    0.315    4.293    5.100    6.172
    6.444    7.954    8.794    9.172    9.533    9.861    9.934   10.139   10.634   11.005
            0.310342  0.577345  0.000000
  -56.928  -33.074  -32.935  -32.914  -12.126  -12.112   -3.987   -3.903   -3.592   -3.537
   -3.054   -2.963   -1.368   -0.813   -0.421    0.107    0.317    4.293    5.118    6.182
    6.427    7.940    8.813    9.156    9.572    9.848    9.953   10.156   10.680   11.005
            0.316089  0.577345  0.000000
  -56.928  -33.074  -32.932  -32.916  -12.124  -12.111   -3.967   -3.886   -3.618   -3.560
   -3.053   -2.961   -1.361   -0.817   -0.423    0.103    0.318    4.293    5.133    6.189
    6.414    7.929    8.829    9.141    9.609    9.832    9.966   10.171   10.726   10.992
            0.321836  0.577345  0.000000
  -56.928  -33.074  -32.930  -32.919  -12.123  -12.110   -3.950   -3.872   -3.639   -3.577
   -3.053   -2.959   -1.357   -0.819   -0.424    0.099    0.318    4.293    5.143    6.194
    6.404    7.921    8.842    9.129    9.641    9.814    9.974   10.182   10.772   10.965
            0.327583  0.577345  0.000000
  -56.928  -33.074  -32.927  -32.922  -12.123  -12.109   -3.939   -3.863   -3.652   -3.588
   -3.052   -2.958   -1.354   -0.821   -0.425    0.097    0.319    4.293    5.149    6.197
    6.399    7.917    8.851    9.121    9.666    9.800    9.978   10.191   10.815   10.929
            0.333330  0.577344  0.000000
  -56.928  -33.074  -32.925  -32.924  -12.123  -12.109   -3.936   -3.860   -3.656   -3.592
   -3.052   -2.958   -1.353   -0.821   -0.425    0.096    0.319    4.293    5.151    6.198
    6.397    7.915    8.854    9.118    9.676    9.793    9.979   10.194   10.841   10.904
            0.330431  0.572324  0.000000
  -56.928  -33.074  -32.927  -32.922  -12.123  -12.109   -3.939   -3.863   -3.652   -3.588
   -3.052   -2.958   -1.354   -0.821   -0.425    0.097    0.319    4.293    5.149    6.197
    6.398    7.917    8.851    9.121    9.666    9.799    9.979   10.190   10.815   10.931
            0.327533  0.567304  0.000000
  -56.928  -33.074  -32.930  -32.919  -12.124  -12.110   -3.950   -3.871   -3.639   -3.578
   -3.052   -2.959   -1.356   -0.819   -0.425    0.100    0.318    4.293    5.144    6.194
    6.404    7.921    8.843    9.130    9.640    9.811    9.981   10.178   10.773   10.976
            0.324634  0.562283  0.000000
  -56.928  -33.074  -32.932  -32.917  -12.125  -12.111   -3.965   -3.883   -3.620   -3.562
   -3.053   -2.961   -1.361   -0.817   -0.426    0.104    0.318    4.291    5.136    6.189
    6.412    7.929    8.830    9.143    9.604    9.818    9.988   10.157   10.734   11.024
            0.321736  0.557263  0.000000
  -56.928  -33.074  -32.935  -32.914  -12.126  -12.112   -3.983   -3.898   -3.596   -3.542
   -3.053   -2.962   -1.367   -0.813   -0.428    0.111    0.316    4.288    5.126    6.183
    6.423    7.938    8.815    9.159    9.563    9.816   10.003   10.126   10.699   11.072
            0.318837  0.552243  0.000000
  -56.928  -33.075  -32.937  -32.911  -12.128  -12.114   -4.002   -3.914   -3.569   -3.519
   -3.054   -2.965   -1.374   -0.809   -0.431    0.119    0.315    4.284    5.115    6.175
    6.436    7.950    8.797    9.177    9.517    9.805   10.025   10.086   10.669   11.113
            0.315939  0.547222  0.000000
  -56.928  -33.075  -32.939  -32.909  -12.130  -12.117   -4.022   -3.931   -3.539   -3.495
   -3.054   -2.968   -1.383   -0.803   -0.436    0.129    0.313    4.278    5.104    6.167
    6.451    7.964    8.779    9.198    9.468    9.788   10.038   10.053   10.641   11.106
            0.313040  0.542202  0.000000
  -56.928  -33.075  -32.941  -32.906  -12.133  -12.120   -4.043   -3.947   -3.508   -3.469
   -3.055   -2.971   -1.393   -0.797   -0.441    0.142    0.311    4.269    5.094    6.157
    6.468    7.979    8.759    9.219    9.417    9.766    9.984   10.083   10.614   11.081
            0.310142  0.537181  0.000000
  -56.928  -33.075  -32.943  -32.903  -12.136  -12.123   -4.063   -3.963   -3.476   -3.443
   -3.055   -2.975   -1.403   -0.790   -0.449    0.156    0.308    4.256    5.086    6.147
    6.485    7.996    8.740    9.241    9.365    9.740    9.927   10.114   10.586   11.059
            0.307243  0.532161  0.000000
  -56.928  -33.075  -32.945  -32.901  -12.140  -12.127   -4.082   -3.978   -3.442   -3.416
   -3.054   -2.979   -1.415   -0.782   -0.457    0.172    0.305    4.239    5.082    6.136
    6.504    8.014    8.720    9.263    9.311    9.713    9.867   10.146   10.555   11.043
            0.304345  0.527141  0.000000
  -56.929  -33.075  -32.947  -32.898  -12.144  -12.131   -4.100   -3.993   -3.408   -3.389
   -3.053   -2.983   -1.427   -0.772   -0.468    0.189    0.302    4.218    5.081    6.124
    6.522    8.031    8.699    9.257    9.285    9.684    9.805   10.178   10.522   11.032
            0.301446  0.522120  0.000000
  -56.929  -33.075  -32.949  -32.895  -12.149  -12.136   -4.117   -4.006   -3.374   -3.364
   -3.051   -2.988   -1.440   -0.763   -0.480    0.207    0.299    4.192    5.085    6.112
    6.541    8.048    8.678    9.203    9.307    9.654    9.744   10.209   10.485   10.988
            0.298548  0.517100  0.000000
  -56.929  -33.075  -32.950  -32.892  -12.154  -12.142   -4.133   -4.018   -3.339   -3.339
   -3.047   -2.992   -1.454   -0.752   -0.493    0.227    0.295    4.160    5.094    6.100
    6.560    8.064    8.656    9.151    9.327    9.624    9.683   10.240   10.447   10.925
            0.295649  0.512079  0.000000
  -56.929  -33.076  -32.952  -32.890  -12.160  -12.148   -4.147   -4.029   -3.316   -3.304
   -3.041   -2.997   -1.468   -0.740   -0.507    0.247    0.291    4.124    5.108    6.088
    6.578    8.078    8.634    9.100    9.346    9.594    9.623   10.270   10.407   10.860
            0.292751  0.507059  0.000000
  -56.929  -33.076  -32.953  -32.887  -12.166  -12.154   -4.160   -4.038   -3.295   -3.270
   -3.033   -3.002   -1.482   -0.728   -0.523    0.268    0.286    4.082    5.127    6.076
    6.597    8.089    8.609    9.053    9.365    9.563    9.566   10.299   10.367   10.794
            0.289852  0.502039  0.000000
  -56.929  -33.076  -32.954  -32.884  -12.172  -12.161   -4.172   -4.046   -3.276   -3.237
   -3.022   -3.005   -1.497   -0.715   -0.540    0.282    0.290    4.036    5.152    6.064
    6.614    8.096    8.584    9.010    9.380    9.510    9.534   10.326   10.329   10.727
            0.286954  0.497018  0.000000
  -56.929  -33.076  -32.955  -32.881  -12.180  -12.169   -4.182   -4.053   -3.261   -3.205
   -3.007   -3.007   -1.512   -0.701   -0.558    0.277    0.311    3.986    5.181    6.052
    6.631    8.097    8.556    8.973    9.392    9.460    9.504   10.292   10.352   10.660
            0.284055  0.491998  0.000000
  -56.930  -33.076  -32.956  -32.879  -12.187  -12.177   -4.191   -4.058   -3.250   -3.177
   -3.007   -2.989   -1.526   -0.687   -0.576    0.272    0.334    3.931    5.216    6.041
    6.647    8.092    8.527    8.941    9.386    9.428    9.476   10.258   10.377   10.592
            0.281157  0.486978  0.000000
  -56.930  -33.077  -32.957  -32.876  -12.195  -12.186   -4.198   -4.061   -3.241   -3.153
   -3.001   -2.968   -1.541   -0.672   -0.596    0.266    0.356    3.874    5.254    6.031
    6.662    8.079    8.495    8.917    9.348    9.428    9.450   10.228   10.400   10.523
            0.278258  0.481957  0.000000
  -56.930  -33.077  -32.958  -32.873  -12.204  -12.195   -4.204   -4.063   -3.235   -3.138
   -2.988   -2.943   -1.556   -0.656   -0.617    0.261    0.379    3.813    5.297    6.021
    6.676    8.059    8.460    8.899    9.304    9.424    9.434   10.202   10.420   10.456
            0.275360  0.476937  0.000000
  -56.930  -33.077  -32.958  -32.870  -12.213  -12.205   -4.209   -4.063   -3.232   -3.130
   -2.968   -2.916   -1.570   -0.640   -0.638    0.255    0.401    3.750    5.343    6.011
    6.689    8.031    8.424    8.888    9.261    9.402    9.437   10.180   10.384   10.442
            0.272461  0.471916  0.000000
  -56.930  -33.077  -32.959  -32.868  -12.223  -12.215   -4.211   -4.062   -3.231   -3.129
   -2.941   -2.887   -1.585   -0.660   -0.623    0.249    0.422    3.684    5.392    6.002
    6.701    7.996    8.385    8.882    9.220    9.381    9.438   10.164   10.316   10.459
            0.269563  0.466896  0.000000
  -56.930  -33.077  -32.959  -32.865  -12.233  -12.226   -4.213   -4.060   -3.232   -3.133
   -2.910   -2.856   -1.599   -0.682   -0.606    0.243    0.444    3.617    5.445    5.994
    6.713    7.954    8.344    8.881    9.181    9.364    9.436   10.153   10.248   10.475
            0.266664  0.461876  0.000000
  -56.931  -33.078  -32.959  -32.862  -12.244  -12.237   -4.213   -4.056   -3.233   -3.140
   -2.876   -2.824   -1.612   -0.705   -0.588    0.237    0.465    3.547    5.500    5.987
    6.723    7.907    8.301    8.882    9.143    9.350    9.431   10.147   10.181   10.488
            0.263765  0.456855  0.000000
  -56.931  -33.078  -32.959  -32.859  -12.255  -12.249   -4.211   -4.050   -3.236   -3.150
   -2.841   -2.791   -1.625   -0.729   -0.570    0.230    0.486    3.477    5.558    5.980
    6.731    7.856    8.257    8.883    9.107    9.342    9.424   10.114   10.147   10.499
            0.260867  0.451835  0.000000
  -56.931  -33.078  -32.959  -32.856  -12.267  -12.261   -4.208   -4.042   -3.239   -3.161
   -2.804   -2.757   -1.638   -0.753   -0.552    0.224    0.506    3.405    5.617    5.974
    6.740    7.801    8.212    8.884    9.072    9.338    9.414   10.050   10.151   10.509
            0.257968  0.446814  0.000000
  -56.931  -33.079  -32.959  -32.854  -12.279  -12.274   -4.203   -4.033   -3.244   -3.173
   -2.768   -2.722   -1.650   -0.778   -0.533    0.217    0.526    3.332    5.679    5.969
    6.747    7.743    8.166    8.882    9.037    9.340    9.403    9.987   10.158   10.516
            0.255070  0.441794  0.000000
  -56.932  -33.079  -32.959  -32.851  -12.292  -12.287   -4.198   -4.023   -3.248   -3.186
   -2.731   -2.687   -1.661   -0.803   -0.514    0.210    0.545    3.258    5.741    5.965
    6.753    7.682    8.119    8.877    9.004    9.346    9.391    9.927   10.170   10.521
            0.252171  0.436774  0.000000
  -56.932  -33.079  -32.958  -32.848  -12.305  -12.301   -4.190   -4.011   -3.253   -3.201
   -2.693   -2.651   -1.671   -0.828   -0.494    0.204    0.564    3.184    5.804    5.962
    6.759    7.620    8.072    8.870    8.971    9.354    9.379    9.871   10.184   10.524
            0.249273  0.431753  0.000000
  -56.932  -33.080  -32.958  -32.846  -12.318  -12.315   -4.181   -3.997   -3.258   -3.215
   -2.656   -2.615   -1.680   -0.854   -0.474    0.197    0.582    3.110    5.868    5.959
    6.764    7.557    8.025    8.859    8.939    9.363    9.367    9.821   10.200   10.525
            0.246374  0.426733  0.000000
  -56.933  -33.080  -32.957  -32.843  -12.332  -12.330   -4.171   -3.982   -3.264   -3.231
   -2.619   -2.578   -1.688   -0.880   -0.454    0.190    0.600    3.035    5.931    5.958
    6.770    7.493    7.978    8.846    8.907    9.355    9.368    9.780   10.217   10.524
            0.243476  0.421713  0.000000
  -56.933  -33.080  -32.956  -32.840  -12.346  -12.345   -4.160   -3.966   -3.270   -3.247
   -2.583   -2.542   -1.695   -0.907   -0.434    0.184    0.616    2.960    5.957    5.992
    6.777    7.428    7.932    8.831    8.877    9.343    9.365    9.752   10.235   10.521
            0.240577  0.416692  0.000000
  -56.933  -33.081  -32.955  -32.838  -12.361  -12.361   -4.148   -3.948   -3.276   -3.264
   -2.546   -2.505   -1.701   -0.933   -0.414    0.177    0.632    2.885    5.957    6.052
    6.785    7.363    7.886    8.814    8.847    9.332    9.351    9.741   10.253   10.516
            0.237679  0.411672  0.000000
  -56.933  -33.081  -32.954  -32.835  -12.377  -12.376   -4.134   -3.928   -3.282   -3.281
   -2.511   -2.468   -1.706   -0.960   -0.393    0.171    0.647    2.810    5.958    6.107
    6.796    7.297    7.841    8.796    8.819    9.322    9.324    9.745   10.271   10.510
            0.234780  0.406651  0.000000
  -56.934  -33.082  -32.953  -32.833  -12.393  -12.392   -4.120   -3.907   -3.299   -3.288
   -2.476   -2.430   -1.709   -0.987   -0.373    0.165    0.661    2.735    5.960    6.157
    6.812    7.232    7.797    8.778    8.792    9.287    9.313    9.763   10.288   10.502
            0.231882  0.401631  0.000000
  -56.934  -33.082  -32.952  -32.830  -12.410  -12.408   -4.105   -3.885   -3.317   -3.294
   -2.442   -2.393   -1.711   -1.013   -0.352    0.159    0.675    2.661    5.962    6.200
    6.833    7.166    7.754    8.759    8.767    9.243    9.306    9.792   10.303   10.493
            0.228983  0.396611  0.000000
  -56.935  -33.082  -32.950  -32.827  -12.427  -12.424   -4.089   -3.861   -3.334   -3.300
   -2.409   -2.356   -1.711   -1.040   -0.332    0.153    0.687    2.588    5.965    6.234
    6.860    7.100    7.712    8.739    8.743    9.194    9.299    9.826   10.316   10.482
            0.226085  0.391590  0.000000
  -56.935  -33.083  -32.948  -32.825  -12.445  -12.440   -4.072   -3.836   -3.352   -3.306
   -2.376   -2.318   -1.709   -1.067   -0.311    0.147    0.699    2.515    5.969    6.258
    6.895    7.035    7.672    8.719    8.722    9.143    9.295    9.866   10.328   10.470
            0.223186  0.386570  0.000000
  -56.935  -33.083  -32.947  -32.822  -12.463  -12.457   -4.055   -3.810   -3.370   -3.312
   -2.346   -2.281   -1.706   -1.094   -0.291    0.142    0.709    2.443    5.974    6.273
    6.938    6.969    7.633    8.698    8.702    9.092    9.291    9.909   10.336   10.458
            0.220288  0.381549  0.000000
  -56.936  -33.084  -32.945  -32.820  -12.481  -12.474   -4.038   -3.782   -3.387   -3.317
   -2.316   -2.244   -1.700   -1.121   -0.270    0.137    0.718    2.373    5.979    6.278
    6.904    6.986    7.596    8.676    8.685    9.041    9.290    9.952   10.342   10.446
            0.217389  0.376529  0.000000
  -56.936  -33.084  -32.943  -32.817  -12.499  -12.492   -4.021   -3.754   -3.403   -3.323
   -2.288   -2.206   -1.693   -1.147   -0.250    0.133    0.726    2.303    5.985    6.275
    6.840    7.038    7.563    8.654    8.669    8.991    9.290    9.996   10.344   10.435
            0.214491  0.371509  0.000000
  -56.936  -33.085  -32.940  -32.815  -12.518  -12.510   -4.005   -3.724   -3.417   -3.328
   -2.262   -2.169   -1.683   -1.173   -0.230    0.129    0.732    2.235    5.991    6.266
    6.775    7.091    7.535    8.630    8.656    8.944    9.292   10.037   10.344   10.425
            0.211592  0.366488  0.000000
  -56.937  -33.085  -32.938  -32.812  -12.537  -12.527   -3.990   -3.694   -3.430   -3.333
   -2.237   -2.132   -1.671   -1.199   -0.211    0.125    0.737    2.169    5.998    6.250
    6.711    7.140    7.514    8.604    8.645    8.899    9.296   10.075   10.340   10.419
            0.208694  0.361468  0.000000
  -56.937  -33.086  -32.936  -32.810  -12.556  -12.546   -3.977   -3.663   -3.441   -3.337
   -2.215   -2.095   -1.658   -1.224   -0.191    0.122    0.740    2.104    6.005    6.230
    6.648    7.179    7.506    8.575    8.637    8.858    9.302   10.106   10.333   10.418
            0.205795  0.356447  0.000000
  -56.938  -33.086  -32.933  -32.807  -12.576  -12.564   -3.966   -3.631   -3.449   -3.340
   -2.194   -2.058   -1.642   -1.249   -0.172    0.119    0.742    2.041    6.013    6.206
    6.585    7.201    7.518    8.544    8.631    8.823    9.312   10.128   10.324   10.426
            0.202897  0.351427  0.000000
  -56.938  -33.087  -32.931  -32.805  -12.595  -12.583   -3.959   -3.600   -3.452   -3.342
   -2.175   -2.021   -1.624   -1.273   -0.154    0.118    0.741    1.981    6.021    6.179
    6.523    7.203    7.550    8.510    8.627    8.792    9.323   10.139   10.311   10.444
            0.199998  0.346407  0.000000
  -56.938  -33.087  -32.928  -32.802  -12.615  -12.601   -3.954   -3.570   -3.452   -3.341
   -2.159   -1.984   -1.604   -1.297   -0.136    0.116    0.738    1.923    6.029    6.149
    6.461    7.190    7.598    8.473    8.625    8.766    9.338   10.138   10.295   10.471
            0.197099  0.341386  0.000000
  -56.939  -33.088  -32.925  -32.800  -12.635  -12.620   -3.954   -3.542   -3.447   -3.337
   -2.144   -1.948   -1.583   -1.319   -0.118    0.116    0.733    1.867    6.037    6.117
    6.400    7.166    7.656    8.433    8.625    8.745    9.356   10.129   10.277   10.504
            0.194201  0.336366  0.000000
  -56.939  -33.089  -32.922  -32.798  -12.655  -12.639   -3.958   -3.517   -3.437   -3.328
   -2.131   -1.912   -1.560   -1.341   -0.102    0.117    0.726    1.814    6.046    6.084
    6.339    7.137    7.719    8.391    8.628    8.727    9.376   10.114   10.257   10.541
            0.191302  0.331346  0.000000
  -56.940  -33.089  -32.919  -32.796  -12.676  -12.658   -3.967   -3.498   -3.423   -3.313
   -2.120   -1.875   -1.536   -1.361   -0.086    0.119    0.715    1.765    6.049    6.054
    6.279    7.105    7.784    8.347    8.632    8.714    9.400   10.093   10.234   10.578
            0.188404  0.326325  0.000000
  -56.940  -33.090  -32.916  -32.793  -12.696  -12.678   -3.979   -3.485   -3.403   -3.291
   -2.112   -1.840   -1.512   -1.379   -0.072    0.122    0.702    1.719    6.013    6.062
    6.220    7.071    7.849    8.303    8.638    8.704    9.429   10.070   10.209   10.611
            0.185505  0.321305  0.000000
  -56.941  -33.091  -32.913  -32.791  -12.716  -12.697   -3.995   -3.477   -3.380   -3.262
   -2.105   -1.804   -1.487   -1.394   -0.058    0.126    0.686    1.676    5.976    6.069
    6.162    7.035    7.912    8.259    8.646    8.697    9.460   10.044   10.183   10.640
            0.182607  0.316284  0.000000
  -56.941  -33.091  -32.910  -32.789  -12.737  -12.716   -4.014   -3.474   -3.353   -3.228
   -2.100   -1.768   -1.467   -1.403   -0.046    0.131    0.668    1.637    5.938    6.070
    6.110    6.999    7.974    8.214    8.656    8.691    9.496   10.016   10.154   10.660
            0.179708  0.311264  0.000000
  -56.942  -33.092  -32.906  -32.787  -12.758  -12.736   -4.035   -3.474   -3.323   -3.189
   -2.097   -1.733   -1.457   -1.399   -0.035    0.138    0.646    1.601    5.900    6.036
    6.094    6.962    8.034    8.170    8.667    8.689    9.535    9.986   10.125   10.671
            0.176810  0.306244  0.000000
  -56.942  -33.092  -32.903  -32.785  -12.778  -12.755   -4.059   -3.476   -3.290   -3.147
   -2.096   -1.698   -1.459   -1.381   -0.025    0.147    0.621    1.569    5.861    5.982
    6.098    6.925    8.091    8.127    8.679    8.688    9.579    9.956   10.094   10.672
            0.173911  0.301223  0.000000
  -56.943  -33.093  -32.899  -32.782  -12.799  -12.775   -4.084   -3.480   -3.254   -3.103
   -2.097   -1.663   -1.466   -1.355   -0.016    0.156    0.593    1.540    5.822    5.926
    6.104    6.888    8.085    8.145    8.690    8.693    9.626    9.924   10.062   10.660
            0.171013  0.296203  0.000000
  -56.943  -33.094  -32.896  -32.780  -12.819  -12.794   -4.111   -3.484   -3.216   -3.057
   -2.099   -1.629   -1.472   -1.328   -0.008    0.167    0.563    1.515    5.783    5.871
    6.110    6.850    8.043    8.196    8.693    8.707    9.677    9.891   10.030   10.636
            0.168114  0.291182  0.000000
  -56.944  -33.094  -32.892  -32.778  -12.840  -12.814   -4.139   -3.490   -3.177   -3.010
   -2.104   -1.595   -1.477   -1.299   -0.001    0.178    0.531    1.492    5.744    5.815
    6.115    6.813    8.003    8.244    8.698    8.722    9.730    9.858    9.998   10.614
            0.165216  0.286162  0.000000
  -56.944  -33.095  -32.888  -32.776  -12.861  -12.833   -4.168   -3.495   -3.136   -2.961
   -2.111   -1.561   -1.481   -1.270    0.006    0.191    0.497    1.473    5.705    5.761
    6.119    6.776    7.964    8.290    8.706    8.737    9.782    9.824    9.971   10.595
            0.162317  0.281142  0.000000
  -56.945  -33.095  -32.884  -32.774  -12.881  -12.853   -4.198   -3.501   -3.094   -2.910
   -2.120   -1.527   -1.482   -1.242    0.012    0.203    0.461    1.455    5.666    5.706
    6.123    6.740    7.927    8.332    8.715    8.753    9.789    9.823    9.957   10.579
            0.159419  0.276121  0.000000
  -56.945  -33.096  -32.880  -32.772  -12.902  -12.872   -4.229   -3.508   -3.050   -2.859
   -2.130   -1.493   -1.480   -1.213    0.018    0.217    0.424    1.441    5.627    5.653
    6.126    6.703    7.891    8.373    8.726    8.769    9.753    9.830    9.980   10.564
            0.156520  0.271101  0.000000
  -56.946  -33.097  -32.876  -32.770  -12.922  -12.891   -4.260   -3.514   -3.005   -2.807
   -2.142   -1.477   -1.460   -1.184    0.023    0.230    0.386    1.428    5.589    5.600
    6.128    6.667    7.856    8.411    8.739    8.784    9.718    9.808   10.035   10.546
            0.153622  0.266081  0.000000
  -56.946  -33.097  -32.872  -32.768  -12.942  -12.910   -4.292   -3.521   -2.960   -2.754
   -2.156   -1.472   -1.427   -1.156    0.029    0.244    0.347    1.416    5.547    5.551
    6.128    6.632    7.823    8.447    8.752    8.798    9.680    9.774   10.102   10.524
            0.150723  0.261060  0.000000
  -56.947  -33.098  -32.868  -32.766  -12.962  -12.929   -4.324   -3.528   -2.913   -2.699
   -2.171   -1.464   -1.395   -1.129    0.034    0.258    0.308    1.406    5.496    5.513
    6.127    6.596    7.792    8.481    8.768    8.812    9.643    9.736   10.174   10.503
            0.147825  0.256040  0.000000
  -56.947  -33.099  -32.864  -32.765  -12.982  -12.948   -4.356   -3.535   -2.866   -2.645
   -2.187   -1.455   -1.363   -1.102    0.040    0.269    0.272    1.397    5.444    5.475
    6.125    6.561    7.763    8.515    8.785    8.826    9.606    9.697   10.251   10.483
            0.144926  0.251019  0.000000
  -56.948  -33.099  -32.860  -32.763  -13.002  -12.967   -4.388   -3.542   -2.819   -2.589
   -2.204   -1.444   -1.331   -1.076    0.045    0.230    0.285    1.389    5.394    5.438
    6.121    6.527    7.735    8.547    8.803    8.838    9.568    9.656   10.329   10.464
            0.142028  0.245999  0.000000
  -56.948  -33.100  -32.856  -32.761  -13.022  -12.985   -4.421   -3.549   -2.771   -2.533
   -2.222   -1.431   -1.299   -1.051    0.051    0.192    0.299    1.382    5.344    5.401
    6.116    6.493    7.708    8.578    8.823    8.850    9.529    9.614   10.407   10.447
            0.139129  0.240979  0.000000
  -56.949  -33.100  -32.852  -32.759  -13.041  -13.004   -4.454   -3.556   -2.724   -2.476
   -2.240   -1.417   -1.268   -1.027    0.057    0.154    0.312    1.376    5.295    5.365
    6.110    6.459    7.684    8.609    8.845    8.860    9.490    9.572   10.431   10.482
            0.136231  0.235958  0.000000
  -56.949  -33.101  -32.848  -32.758  -13.061  -13.022   -4.486   -3.563   -2.676   -2.419
   -2.258   -1.401   -1.237   -1.004    0.063    0.118    0.325    1.370    5.246    5.330
    6.102    6.426    7.661    8.639    8.868    8.869    9.451    9.529   10.416   10.526
            0.133332  0.230938  0.000000
  -56.950  -33.102  -32.844  -32.756  -13.080  -13.040   -4.519   -3.571   -2.629   -2.361
   -2.275   -1.384   -1.207   -0.982    0.070    0.082    0.338    1.365    5.198    5.295
    6.093    6.394    7.639    8.668    8.877    8.892    9.412    9.486   10.404   10.541
            0.130433  0.225917  0.000000
  -56.950  -33.102  -32.839  -32.754  -13.098  -13.058   -4.551   -3.578   -2.584   -2.303
   -2.292   -1.365   -1.176   -0.962    0.048    0.076    0.351    1.360    5.150    5.260
    6.082    6.362    7.619    8.697    8.885    8.918    9.372    9.443   10.393   10.555
            0.127535  0.220897  0.000000
  -56.951  -33.103  -32.835  -32.753  -13.117  -13.075   -4.583   -3.585   -2.541   -2.305
   -2.244   -1.346   -1.146   -0.943    0.016    0.083    0.363    1.355    5.103    5.227
    6.070    6.331    7.601    8.724    8.892    8.945    9.332    9.399   10.384   10.569
            0.124636  0.215877  0.000000
  -56.951  -33.103  -32.831  -32.751  -13.135  -13.093   -4.615   -3.592   -2.504   -2.313
   -2.185   -1.325   -1.117   -0.926   -0.015    0.091    0.375    1.350    5.057    5.193
    6.056    6.300    7.583    8.750    8.899    8.973    9.292    9.356   10.376   10.585
            0.121738  0.210856  0.000000
  -56.951  -33.104  -32.827  -32.749  -13.154  -13.110   -4.647   -3.600   -2.478   -2.311
   -2.126   -1.303   -1.088   -0.910   -0.044    0.098    0.386    1.346    5.011    5.161
    6.042    6.270    7.568    8.774    8.907    9.002    9.252    9.314   10.370   10.602
            0.118839  0.205836  0.000000
  -56.952  -33.105  -32.822  -32.748  -13.171  -13.127   -4.679   -3.607   -2.467   -2.294
   -2.066   -1.280   -1.059   -0.897   -0.071    0.106    0.398    1.341    4.966    5.129
    6.026    6.241    7.553    8.794    8.916    9.031    9.213    9.272   10.367   10.620
            0.115941  0.200815  0.000000
  -56.952  -33.105  -32.818  -32.746  -13.189  -13.143   -4.710   -3.614   -2.469   -2.264
   -2.007   -1.256   -1.031   -0.885   -0.095    0.114    0.408    1.336    4.921    5.097
    6.009    6.212    7.539    8.809    8.927    9.058    9.178    9.232   10.364   10.640
            0.113042  0.195795  0.000000
  -56.953  -33.106  -32.814  -32.745  -13.206  -13.160   -4.741   -3.621   -2.480   -2.225
   -1.947   -1.231   -1.003   -0.876   -0.117    0.123    0.419    1.332    4.878    5.067
    5.991    6.184    7.526    8.819    8.938    9.070    9.158    9.196   10.364   10.661
            0.110144  0.190775  0.000000
  -56.953  -33.106  -32.810  -32.744  -13.223  -13.176   -4.772   -3.628   -2.495   -2.182
   -1.887   -1.206   -0.975   -0.868   -0.136    0.132    0.429    1.327    4.834    5.037
    5.972    6.156    7.514    8.824    8.948    9.053    9.167    9.169   10.365   10.682
            0.107245  0.185754  0.000000
  -56.954  -33.107  -32.806  -32.742  -13.240  -13.191   -4.802   -3.635   -2.513   -2.138
   -1.827   -1.179   -0.948   -0.863   -0.152    0.141    0.439    1.322    4.792    5.008
    5.952    6.129    7.503    8.825    8.949    9.018    9.149    9.198   10.368   10.702
            0.104347  0.180734  0.000000
  -56.954  -33.108  -32.802  -32.741  -13.256  -13.207   -4.831   -3.642   -2.531   -2.093
   -1.768   -1.152   -0.921   -0.860   -0.166    0.150    0.448    1.317    4.749    4.979
    5.932    6.103    7.493    8.822    8.938    8.978    9.147    9.234   10.373   10.723
            0.101448  0.175714  0.000000
  -56.955  -33.108  -32.798  -32.740  -13.272  -13.222   -4.861   -3.649   -2.551   -2.047
   -1.708   -1.125   -0.895   -0.859   -0.177    0.160    0.457    1.312    4.708    4.951
    5.911    6.078    7.483    8.815    8.915    8.935    9.159    9.272   10.379   10.741
            0.098550  0.170693  0.000000
  -56.955  -33.109  -32.794  -32.738  -13.288  -13.237   -4.890   -3.656   -2.570   -2.002
   -1.649   -1.097   -0.869   -0.859   -0.185    0.170    0.465    1.306    4.667    4.924
    5.890    6.053    7.473    8.804    8.887    8.891    9.182    9.312   10.387   10.759
            0.095651  0.165673  0.000000
  -56.955  -33.109  -32.790  -32.737  -13.303  -13.251   -4.918   -3.663   -2.590   -1.957
   -1.590   -1.070   -0.860   -0.844   -0.191    0.181    0.473    1.301    4.627    4.898
    5.868    6.029    7.464    8.786    8.847    8.860    9.211    9.354   10.396   10.773
            0.092753  0.160652  0.000000
  -56.956  -33.110  -32.786  -32.736  -13.318  -13.265   -4.945   -3.669   -2.609   -1.914
   -1.532   -1.044   -0.862   -0.819   -0.195    0.191    0.481    1.295    4.587    4.872
    5.846    6.005    7.455    8.758    8.803    8.839    9.244    9.397   10.407   10.785
            0.089854  0.155632  0.000000
  -56.956  -33.110  -32.782  -32.735  -13.332  -13.279   -4.973   -3.676   -2.628   -1.871
   -1.474   -1.021   -0.861   -0.795   -0.197    0.202    0.488    1.288    4.548    4.847
    5.824    5.982    7.447    8.722    8.758    8.823    9.280    9.440   10.418   10.792
            0.086956  0.150612  0.000000
  -56.957  -33.111  -32.778  -32.734  -13.346  -13.292   -4.999   -3.682   -2.647   -1.829
   -1.417   -1.002   -0.857   -0.772   -0.196    0.214    0.495    1.282    4.510    4.823
    5.801    5.960    7.439    8.681    8.712    8.811    9.317    9.485   10.431   10.795
            0.084057  0.145591  0.000000
  -56.957  -33.112  -32.775  -32.733  -13.360  -13.305   -5.025   -3.688   -2.666   -1.788
   -1.360   -0.990   -0.846   -0.749   -0.195    0.226    0.501    1.275    4.472    4.800
    5.779    5.939    7.430    8.637    8.667    8.800    9.356    9.531   10.445   10.793
            0.081159  0.140571  0.000000
  -56.957  -33.112  -32.771  -32.732  -13.374  -13.318   -5.050   -3.695   -2.684   -1.749
   -1.304   -0.985   -0.827   -0.726   -0.192    0.238    0.507    1.268    4.435    4.777
    5.757    5.918    7.423    8.592    8.622    8.790    9.395    9.578   10.459   10.785
            0.078260  0.135550  0.000000
  -56.958  -33.112  -32.768  -32.731  -13.387  -13.330   -5.075   -3.700   -2.702   -1.710
   -1.249   -0.988   -0.802   -0.704   -0.187    0.250    0.512    1.261    4.399    4.755
    5.735    5.898    7.415    8.547    8.577    8.780    9.436    9.625   10.474   10.773
            0.075362  0.130530  0.000000
  -56.958  -33.113  -32.765  -32.730  -13.399  -13.342   -5.099   -3.706   -2.719   -1.674
   -1.195   -0.995   -0.773   -0.683   -0.182    0.263    0.518    1.253    4.364    4.734
    5.713    5.878    7.407    8.502    8.532    8.770    9.476    9.672   10.490   10.757
            0.072463  0.125510  0.000000
  -56.959  -33.113  -32.761  -32.729  -13.411  -13.353   -5.122   -3.712   -2.736   -1.638
   -1.142   -1.004   -0.740   -0.662   -0.177    0.276    0.522    1.246    4.329    4.714
    5.691    5.860    7.400    8.456    8.487    8.760    9.517    9.721   10.506   10.736
            0.069565  0.120489  0.000000
  -56.959  -33.114  -32.758  -32.728  -13.423  -13.364   -5.144   -3.718   -2.753   -1.604
   -1.090   -1.016   -0.706   -0.643   -0.170    0.290    0.527    1.237    4.295    4.694
    5.670    5.842    7.392    8.411    8.443    8.751    9.559    9.769   10.523   10.713
            0.066666  0.115469  0.000000
  -56.959  -33.114  -32.755  -32.727  -13.434  -13.375   -5.166   -3.723   -2.769   -1.571
   -1.039   -1.028   -0.670   -0.623   -0.164    0.303    0.531    1.229    4.262    4.675
    5.649    5.825    7.385    8.366    8.399    8.741    9.601    9.819   10.539   10.687
            0.063767  0.110449  0.000000
  -56.960  -33.114  -32.752  -32.726  -13.445  -13.385   -5.187   -3.728   -2.784   -1.540
   -1.041   -0.989   -0.633   -0.605   -0.157    0.317    0.534    1.220    4.229    4.657
    5.628    5.808    7.378    8.322    8.356    8.732    9.643    9.867   10.556   10.660
            0.060869  0.105428  0.000000
  -56.960  -33.115  -32.749  -32.726  -13.455  -13.395   -5.207   -3.733   -2.799   -1.511
   -1.054   -0.941   -0.596   -0.587   -0.150    0.331    0.537    1.212    4.198    4.640
    5.609    5.793    7.371    8.278    8.314    8.723    9.685    9.917   10.572   10.632
            0.057970  0.100408  0.000000
  -56.960  -33.115  -32.746  -32.725  -13.465  -13.405   -5.226   -3.738   -2.813   -1.482
   -1.067   -0.895   -0.570   -0.558   -0.143    0.346    0.540    1.203    4.167    4.624
    5.589    5.778    7.364    8.236    8.272    8.714    9.727    9.966   10.588   10.603
            0.055072  0.095387  0.000000
  -56.961  -33.116  -32.744  -32.724  -13.475  -13.413   -5.245   -3.742   -2.826   -1.456
   -1.080   -0.850   -0.554   -0.521   -0.136    0.360    0.543    1.193    4.138    4.608
    5.571    5.763    7.357    8.194    8.232    8.705    9.768   10.015   10.574   10.604
            0.052173  0.090367  0.000000
  -56.961  -33.116  -32.741  -32.724  -13.484  -13.422   -5.262   -3.747   -2.839   -1.431
   -1.092   -0.807   -0.539   -0.483   -0.129    0.375    0.545    1.184    4.109    4.593
    5.553    5.750    7.351    8.154    8.193    8.697    9.809   10.064   10.546   10.619
            0.049275  0.085347  0.000000
  -56.961  -33.116  -32.738  -32.723  -13.492  -13.430   -5.279   -3.751   -2.852   -1.407
   -1.104   -0.765   -0.524   -0.446   -0.122    0.390    0.547    1.174    4.082    4.579
    5.535    5.737    7.344    8.115    8.156    8.689    9.850   10.111   10.518   10.634
            0.046376  0.080326  0.000000
  -56.961  -33.116  -32.736  -32.722  -13.500  -13.438   -5.295   -3.755   -2.863   -1.385
   -1.116   -0.726   -0.511   -0.410   -0.116    0.404    0.549    1.164    4.055    4.566
    5.519    5.725    7.338    8.077    8.119    8.681    9.890   10.158   10.492   10.648
            0.043478  0.075306  0.000000
  -56.961  -33.117  -32.734  -32.722  -13.508  -13.445   -5.310   -3.759   -2.874   -1.364
   -1.127   -0.688   -0.498   -0.374   -0.110    0.419    0.550    1.154    4.030    4.553
    5.503    5.713    7.332    8.041    8.084    8.674    9.929   10.203   10.466   10.661
            0.040579  0.070285  0.000000
  -56.962  -33.117  -32.732  -32.721  -13.515  -13.452   -5.324   -3.762   -2.885   -1.344
   -1.138   -0.653   -0.486   -0.339   -0.104    0.433    0.551    1.144    4.006    4.542
    5.488    5.703    7.326    8.006    8.050    8.667    9.965   10.247   10.442   10.673
            0.037681  0.065265  0.000000
  -56.962  -33.117  -32.730  -32.721  -13.522  -13.458   -5.337   -3.766   -2.894   -1.326
   -1.148   -0.619   -0.474   -0.306   -0.098    0.447    0.552    1.135    3.983    4.531
    5.474    5.693    7.320    7.974    8.019    8.660   10.002   10.290   10.419   10.685
            0.034782  0.060245  0.000000
  -56.962  -33.117  -32.728  -32.720  -13.528  -13.464   -5.350   -3.769   -2.903   -1.310
   -1.158   -0.588   -0.464   -0.273   -0.093    0.460    0.552    1.125    3.962    4.521
    5.461    5.683    7.315    7.943    7.989    8.654   10.037   10.331   10.397   10.696
            0.031884  0.055224  0.000000
  -56.962  -33.118  -32.726  -32.720  -13.534  -13.469   -5.361   -3.772   -2.912   -1.294
   -1.167   -0.559   -0.454   -0.243   -0.088    0.473    0.553    1.115    3.942    4.512
    5.449    5.675    7.310    7.914    7.961    8.648   10.070   10.371   10.376   10.705
            0.028985  0.050204  0.000000
  -56.962  -33.118  -32.725  -32.719  -13.539  -13.474   -5.371   -3.774   -2.919   -1.280
   -1.175   -0.533   -0.445   -0.214   -0.083    0.486    0.553    1.106    3.923    4.503
    5.438    5.667    7.305    7.887    7.936    8.643   10.102   10.357   10.409   10.704
            0.026087  0.045183  0.000000
  -56.963  -33.118  -32.724  -32.719  -13.544  -13.479   -5.381   -3.777   -2.926   -1.268
   -1.182   -0.509   -0.438   -0.187   -0.079    0.497    0.553    1.097    3.906    4.495
    5.428    5.660    7.301    7.863    7.912    8.638   10.131   10.340   10.442   10.685
            0.023188  0.040163  0.000000
  -56.963  -33.118  -32.723  -32.719  -13.548  -13.483   -5.389   -3.779   -2.932   -1.256
   -1.189   -0.487   -0.431   -0.162   -0.076    0.508    0.553    1.089    3.890    4.489
    5.418    5.654    7.297    7.841    7.891    8.633   10.158   10.325   10.474   10.668
            0.020290  0.035143  0.000000
  -56.963  -33.118  -32.721  -32.719  -13.552  -13.486   -5.397   -3.781   -2.938   -1.246
   -1.195   -0.468   -0.424   -0.139   -0.072    0.518    0.553    1.081    3.877    4.482
    5.410    5.648    7.293    7.821    7.872    8.629   10.182   10.311   10.503   10.653
            0.017391  0.030122  0.000000
  -56.963  -33.119  -32.720  -32.718  -13.555  -13.489   -5.403   -3.782   -2.943   -1.238
   -1.200   -0.451   -0.419   -0.119   -0.069    0.527    0.553    1.074    3.865    4.477
    5.403    5.644    7.290    7.804    7.855    8.626   10.204   10.300   10.529   10.640
            0.014493  0.025102  0.000000
  -56.963  -33.119  -32.720  -32.718  -13.558  -13.492   -5.408   -3.784   -2.947   -1.231
   -1.204   -0.437   -0.414   -0.102   -0.067    0.534    0.553    1.068    3.854    4.473
    5.397    5.640    7.287    7.789    7.841    8.623   10.223   10.290   10.551   10.629
            0.011594  0.020082  0.000000
  -56.963  -33.119  -32.719  -32.718  -13.560  -13.494   -5.413   -3.785   -2.950   -1.225
   -1.208   -0.425   -0.411   -0.087   -0.065    0.541    0.553    1.063    3.846    4.469
    5.392    5.636    7.285    7.777    7.830    8.621   10.238   10.282   10.570   10.621
            0.008696  0.015061  0.000000
  -56.963  -33.119  -32.718  -32.718  -13.562  -13.496   -5.416   -3.786   -2.953   -1.220
   -1.211   -0.416   -0.408   -0.076   -0.063    0.546    0.553    1.058    3.839    4.466
    5.388    5.634    7.283    7.767    7.821    8.619   10.251   10.275   10.585   10.614
            0.005797  0.010041  0.000000
  -56.963  -33.119  -32.718  -32.718  -13.563  -13.497   -5.419   -3.786   -2.954   -1.217
   -1.212   -0.409   -0.406   -0.068   -0.062    0.550    0.553    1.055    3.834    4.464
    5.386    5.632    7.282    7.760    7.814    8.617   10.260   10.271   10.597   10.609
            0.002899  0.005020  0.000000
  -56.963  -33.119  -32.718  -32.718  -13.564  -13.498   -5.420   -3.787   -2.955   -1.215
   -1.214   -0.405   -0.404   -0.063   -0.061    0.552    0.553    1.054    3.831    4.463
    5.384    5.631    7.281    7.756    7.810    8.617   10.265   10.268   10.603   10.606
            0.000000  0.000000  0.000000
  -56.963  -33.119  -32.718  -32.718  -13.564  -13.498   -5.421   -3.787   -2.956   -1.214
   -1.214   -0.404   -0.404   -0.061   -0.061    0.553    0.553    1.053    3.830    4.463
    5.383    5.630    7.281    7.755    7.809    8.616   10.267   10.267   10.605   10.605
